das
0.489200 0.488800 0.551600 0.536200 0.513800 0.518200 0.523800 0.535200 0.417600 0.662800 
-1 1 1 1 -1 -1 -1 1 1 1 -1 -1 -1 1 1 1 1 1 1 1 1 1 -1 1 1 -1 1 1 1 1 -1 -1 -1 1 -1 -1 -1 -1 1 -1 -1 -1 1 1 -1 -1 -1 1 -1 -1 -1 -1 1 1 -1 -1 -1 -1 1 -1 1 -1 -1 1 1 -1 1 -1 1 -1 -1 1 1 -1 -1 -1 1 1 -1 -1 1 1 1 1 1 -1 1 -1 -1 -1 -1 -1 1 -1 1 1 1 1 -1 1 
---0.437200 0.644800 0.530400 0.623800 0.626200 0.670200 0.575000 0.625200 0.452000 0.712800 
-1 1 1 1 -1 -1 -1 1 1 1 -1 -1 -1 1 1 1 1 1 1 1 1 -1 -1 1 1 -1 1 1 1 1 -1 1 -1 1 -1 -1 -1 -1 1 -1 -1 -1 1 1 -1 -1 -1 1 1 -1 -1 -1 1 1 1 -1 -1 -1 1 -1 1 1 -1 1 -1 -1 1 1 1 1 -1 1 1 -1 -1 1 1 1 -1 -1 1 1 1 1 1 -1 1 -1 -1 -1 -1 -1 -1 -1 1 1 1 -1 -1 1 
---0.456200 0.370600 0.533000 0.516000 0.531200 0.587600 0.434000 0.585400 0.416200 0.602200 
-1 1 1 1 -1 -1 1 -1 1 1 -1 -1 -1 1 1 1 1 1 -1 -1 1 1 -1 1 1 -1 -1 -1 1 1 -1 -1 -1 1 -1 -1 -1 -1 -1 -1 -1 -1 1 1 -1 -1 -1 1 1 -1 -1 -1 1 1 -1 -1 -1 -1 1 -1 -1 -1 -1 1 -1 -1 1 1 -1 -1 -1 1 -1 -1 -1 -1 1 -1 -1 1 1 -1 1 1 1 -1 1 -1 -1 -1 -1 -1 1 1 1 1 1 1 -1 1 
----38
0---------------------------
0.460000 0.477200 0.563600 0.629000 0.605800 0.628600 0.534200 0.628000 0.426000 0.674000 
-1 1 1 1 -1 -1 1 -1 1 1 -1 -1 -1 1 1 1 1 1 1 1 1 -1 -1 1 1 -1 -1 1 1 1 -1 -1 -1 1 -1 -1 -1 -1 -1 -1 -1 -1 1 1 -1 -1 -1 1 -1 -1 -1 -1 1 1 -1 -1 -1 -1 1 -1 1 -1 -1 1 1 -1 1 1 1 -1 -1 1 1 -1 -1 -1 1 1 -1 1 1 -1 1 1 1 -1 1 -1 -1 -1 -1 -1 1 -1 1 1 1 1 -1 1 
---0.412800 0.189600 0.432800 0.425000 0.356600 0.465000 0.232600 0.480400 0.319600 0.431200 
-1 1 -1 1 -1 -1 -1 -1 1 1 -1 -1 -1 1 1 1 -1 1 -1 -1 1 1 -1 1 1 -1 1 -1 1 1 -1 -1 -1 1 -1 -1 -1 -1 -1 -1 1 -1 -1 1 -1 -1 -1 -1 1 -1 -1 -1 1 1 -1 1 -1 -1 1 1 -1 -1 -1 1 -1 -1 -1 1 -1 -1 -1 1 1 -1 -1 -1 1 -1 -1 1 1 -1 -1 1 -1 -1 1 -1 -1 -1 1 -1 1 1 1 1 1 1 -1 1 
----36
0---------------------------
0.476400 0.419200 0.579600 0.570200 0.592200 0.652200 0.483800 0.624000 0.448400 0.641200 
-1 1 1 1 -1 -1 -1 -1 1 1 -1 -1 -1 1 1 1 1 1 -1 1 1 1 -1 1 1 -1 1 -1 1 1 -1 1 -1 1 -1 -1 -1 -1 -1 -1 -1 -1 1 1 -1 -1 -1 1 1 -1 -1 -1 1 1 -1 -1 -1 -1 1 -1 -1 -1 -1 1 1 -1 1 -1 -1 -1 -1 1 1 -1 -1 -1 1 1 -1 1 1 -1 1 1 -1 -1 1 -1 -1 -1 -1 -1 1 -1 1 1 1 1 -1 1 
----35
0---------------------------
0.523400 0.190200 0.565000 0.488400 0.332000 0.392400 0.330800 0.444200 0.335400 0.370600 
-1 1 1 1 -1 1 -1 1 1 1 -1 1 -1 1 1 1 -1 1 1 -1 -1 1 1 1 1 -1 1 -1 1 1 -1 -1 -1 1 -1 -1 -1 -1 1 1 1 -1 1 1 -1 -1 -1 -1 -1 -1 -1 1 -1 1 1 1 1 -1 1 1 1 1 -1 1 1 -1 -1 -1 1 1 -1 1 1 -1 1 -1 1 -1 -1 1 1 1 -1 -1 -1 1 1 -1 -1 -1 1 1 -1 -1 1 1 1 1 1 1 
----34
0---------------------------
0.455000 0.081000 0.434200 0.333600 0.180000 0.246400 0.193600 0.273800 0.227800 0.218600 
-1 1 1 1 -1 1 -1 1 1 1 -1 1 -1 1 1 1 -1 1 1 -1 -1 1 1 1 1 -1 1 -1 1 1 -1 -1 -1 1 -1 -1 -1 -1 1 1 1 -1 1 1 -1 1 -1 -1 -1 1 -1 1 -1 -1 1 1 1 1 1 1 1 1 -1 1 1 -1 -1 -1 1 1 -1 -1 1 1 1 -1 -1 -1 -1 1 1 1 -1 -1 -1 1 1 -1 -1 -1 1 1 -1 -1 1 1 1 1 1 1 
----33
0---------------------------
0.222200 0.554600 0.315800 0.436400 0.399600 0.438400 0.407200 0.444200 0.345400 0.441000 
-1 1 1 1 -1 1 -1 1 1 1 -1 -1 -1 1 1 1 1 -1 1 1 1 -1 -1 1 1 -1 1 1 1 1 -1 1 -1 1 1 1 -1 1 1 -1 -1 -1 -1 -1 -1 -1 1 1 1 -1 -1 -1 -1 1 1 -1 -1 -1 -1 -1 -1 1 -1 -1 -1 1 1 1 -1 1 -1 1 1 -1 -1 1 1 -1 -1 -1 1 1 1 1 -1 -1 1 1 -1 -1 -1 1 -1 -1 1 1 1 -1 1 1 
----32
0---------------------------
0.409800 0.493400 0.508200 0.352000 0.551200 0.496000 0.614000 0.419800 0.410200 0.585000 
-1 1 -1 1 -1 -1 -1 1 1 1 -1 -1 -1 1 1 1 1 1 -1 -1 1 1 -1 -1 1 -1 1 -1 1 1 -1 1 -1 1 -1 -1 -1 -1 -1 -1 -1 -1 1 1 1 -1 -1 -1 -1 -1 -1 1 1 1 -1 -1 -1 -1 1 1 -1 -1 1 1 -1 -1 1 1 -1 1 -1 1 1 -1 -1 -1 1 1 -1 -1 1 -1 1 -1 1 -1 -1 -1 -1 -1 -1 -1 -1 1 1 1 1 -1 -1 1 
----31
0---------------------------
0.204000 0.329200 0.172800 0.071400 0.173800 0.174600 0.227000 0.074800 0.220000 0.296400 
1 -1 -1 1 -1 -1 -1 1 1 -1 -1 -1 -1 1 1 1 1 1 -1 1 1 1 1 1 1 1 1 1 1 1 -1 1 -1 1 -1 1 -1 1 1 -1 -1 -1 -1 -1 -1 1 -1 1 -1 -1 -1 1 1 1 -1 1 -1 1 1 1 1 1 1 -1 -1 -1 1 -1 1 -1 -1 1 1 1 -1 1 1 1 -1 -1 1 -1 1 -1 1 -1 1 1 -1 -1 -1 -1 -1 1 -1 1 1 1 -1 -1 
----10
0---------------------------
0.205600 0.332400 0.174400 0.073000 0.175400 0.176600 0.229800 0.076400 0.222000 0.298000 
1 -1 -1 1 -1 -1 -1 1 1 -1 -1 -1 -1 1 1 1 1 1 -1 1 1 1 1 1 1 1 1 1 1 1 -1 1 -1 1 -1 1 -1 1 1 -1 -1 -1 -1 -1 -1 1 -1 1 -1 -1 -1 1 1 1 -1 1 -1 1 1 1 1 1 1 -1 -1 -1 1 -1 1 -1 -1 1 1 1 -1 1 1 1 -1 -1 1 -1 1 -1 1 -1 1 1 -1 -1 -1 -1 -1 1 -1 1 1 1 -1 -1 
----9
0---------------------------
0.348200 -0.006600 0.330600 0.246000 0.077600 0.148000 0.093600 0.169400 0.138600 0.113800 
-1 1 1 1 -1 1 -1 1 -1 -1 -1 1 1 -1 1 1 -1 -1 1 -1 -1 1 1 1 1 -1 1 -1 1 1 -1 -1 -1 1 -1 -1 -1 -1 1 1 1 -1 1 1 -1 1 -1 -1 -1 1 -1 1 -1 -1 1 1 1 1 1 1 1 1 -1 1 1 -1 -1 -1 1 1 -1 -1 1 1 1 -1 -1 -1 -1 1 -1 1 -1 -1 -1 1 1 -1 -1 -1 1 1 -1 -1 -1 1 1 1 1 1 
----8
0---------------------------
0.348200 -0.006600 0.330600 0.246000 0.077600 0.148000 0.093600 0.169400 0.138600 0.113800 
-1 1 1 1 -1 1 -1 1 -1 -1 -1 1 1 -1 1 1 -1 -1 1 -1 -1 1 1 1 1 -1 1 -1 1 1 -1 -1 -1 1 -1 -1 -1 -1 1 1 1 -1 1 1 -1 1 -1 -1 -1 1 -1 1 -1 -1 1 1 1 1 1 1 1 1 -1 1 1 -1 -1 -1 1 1 -1 -1 1 1 1 -1 -1 -1 -1 1 -1 1 -1 -1 -1 1 1 -1 -1 -1 1 1 -1 -1 -1 1 1 1 1 1 
----7
0---------------------------
0.281600 0.479600 0.307600 0.209000 0.354600 0.291400 0.461000 0.255200 0.331200 0.476400 
1 -1 -1 1 -1 -1 -1 1 1 1 -1 -1 -1 1 1 1 1 1 -1 1 1 1 -1 1 1 1 1 1 1 1 -1 1 -1 1 -1 -1 -1 -1 1 -1 -1 -1 1 1 1 -1 1 1 -1 -1 -1 1 1 1 -1 -1 -1 -1 1 1 1 -1 1 -1 -1 -1 1 -1 1 -1 -1 1 1 -1 -1 1 1 1 -1 -1 1 1 1 -1 1 -1 1 1 -1 -1 -1 -1 -1 1 -1 1 1 -1 1 -1 
----6
0---------------------------
0.260600 0.230200 0.370600 0.259200 0.404400 0.226400 0.541200 0.336600 0.311400 0.407400 
1 1 1 1 -1 -1 -1 -1 1 1 1 -1 -1 1 -1 1 1 1 -1 -1 -1 1 -1 1 -1 1 1 -1 -1 1 -1 1 -1 1 -1 -1 -1 -1 -1 -1 -1 -1 1 1 1 -1 1 -1 -1 -1 1 1 1 1 -1 -1 -1 -1 1 1 1 -1 1 1 1 -1 1 -1 1 1 -1 1 1 -1 -1 -1 1 1 1 -1 1 1 1 -1 1 1 -1 -1 1 1 -1 -1 1 1 1 -1 1 -1 1 1 
----5
0---------------------------
0.204000 0.329200 0.172800 0.071400 0.173800 0.174600 0.227000 0.074800 0.220000 0.296400 
1 -1 -1 1 -1 -1 -1 1 1 -1 -1 -1 -1 1 1 1 1 1 -1 1 1 1 1 1 1 1 1 1 1 1 -1 1 -1 1 -1 1 -1 1 1 -1 -1 -1 -1 -1 -1 1 -1 1 -1 -1 -1 1 1 1 -1 1 -1 1 1 1 1 1 1 -1 -1 -1 1 -1 1 -1 -1 1 1 1 -1 1 1 1 -1 -1 1 -1 1 -1 1 -1 1 1 -1 -1 -1 -1 -1 1 -1 1 1 1 -1 -1 
----4
0---------------------------
0.204000 0.329200 0.172800 0.071400 0.173800 0.174600 0.227000 0.074800 0.220000 0.296400 
1 -1 -1 1 -1 -1 -1 1 1 -1 -1 -1 -1 1 1 1 1 1 -1 1 1 1 1 1 1 1 1 1 1 1 -1 1 -1 1 -1 1 -1 1 1 -1 -1 -1 -1 -1 -1 1 -1 1 -1 -1 -1 1 1 1 -1 1 -1 1 1 1 1 1 1 -1 -1 -1 1 -1 1 -1 -1 1 1 1 -1 1 1 1 -1 -1 1 -1 1 -1 1 -1 1 1 -1 -1 -1 -1 -1 1 -1 1 1 1 -1 -1 
----3
0---------------------------
0.242800 0.040400 0.254800 0.255800 0.195400 0.311800 0.057800 0.323600 0.174400 0.252800 
-1 1 -1 -1 -1 -1 1 -1 1 1 -1 -1 -1 1 1 1 -1 1 -1 -1 1 1 -1 -1 1 -1 -1 -1 1 1 1 -1 -1 1 -1 -1 -1 -1 -1 -1 1 -1 -1 1 -1 -1 -1 -1 1 -1 -1 -1 1 1 -1 1 1 -1 -1 1 -1 -1 -1 1 -1 -1 -1 1 -1 -1 1 1 -1 -1 -1 -1 1 -1 -1 1 1 -1 -1 1 -1 -1 1 -1 -1 -1 1 -1 1 1 1 1 -1 1 -1 1 
----2
0---------------------------
0.203600 0.423600 0.316800 0.226600 0.477400 0.501000 0.386200 0.198800 0.282000 0.353600 
-1 1 1 1 1 1 -1 1 1 -1 -1 -1 1 1 1 1 1 -1 1 -1 1 1 1 -1 1 -1 1 -1 1 -1 -1 1 -1 1 1 -1 -1 -1 1 -1 1 -1 1 1 1 -1 -1 1 1 1 -1 -1 1 -1 -1 -1 -1 -1 1 -1 1 -1 1 1 1 -1 1 1 1 1 -1 -1 1 -1 -1 -1 -1 1 -1 1 1 -1 -1 -1 -1 -1 -1 1 -1 -1 -1 1 -1 -1 -1 1 1 -1 -1 1 
----1
0---------------------------
0.276600 0.529000 0.329400 0.340000 0.388000 0.414400 0.398000 0.318200 0.281400 0.489400 
-1 1 1 1 -1 -1 1 1 1 1 -1 -1 -1 1 1 1 1 1 1 1 1 -1 -1 1 1 -1 -1 1 -1 1 -1 -1 -1 1 -1 -1 -1 -1 1 1 -1 -1 1 1 1 -1 -1 1 -1 1 -1 -1 1 -1 -1 -1 -1 -1 1 -1 1 -1 1 1 -1 -1 1 -1 1 -1 -1 -1 1 -1 -1 1 1 1 -1 -1 1 1 1 1 1 -1 1 -1 -1 -1 -1 -1 -1 -1 -1 1 1 -1 -1 1 
---20
0---------------------------
0.265400 0.512200 0.298600 0.207600 0.326400 0.330400 0.394800 0.194200 0.315000 0.419400 
1 -1 -1 1 -1 1 -1 1 1 -1 -1 -1 -1 1 1 1 1 1 1 1 1 1 1 1 1 -1 1 1 1 1 -1 1 -1 1 1 1 -1 1 1 -1 -1 -1 -1 -1 -1 1 -1 1 1 -1 -1 -1 1 1 -1 1 -1 -1 1 -1 1 1 1 -1 -1 -1 1 -1 1 -1 -1 1 1 1 -1 1 1 1 -1 -1 1 -1 1 -1 1 -1 -1 1 -1 -1 -1 -1 -1 -1 -1 1 1 1 -1 1 
---21
0---------------------------
0.248400 0.154800 0.361600 0.246200 0.399400 0.195400 0.510200 0.343200 0.308800 0.356800 
1 1 1 -1 -1 -1 -1 -1 1 1 1 1 -1 1 -1 1 1 1 -1 -1 -1 1 -1 -1 -1 1 1 -1 -1 1 -1 1 -1 1 -1 -1 -1 -1 -1 -1 -1 -1 1 1 1 -1 1 -1 -1 -1 1 1 1 1 -1 -1 -1 -1 1 1 -1 -1 1 1 1 -1 1 -1 -1 1 -1 1 1 -1 -1 -1 1 -1 1 -1 1 1 1 -1 1 1 -1 -1 1 1 -1 -1 1 1 1 -1 1 -1 1 1 
---22
0---------------------------
0.428000 0.441200 0.456800 0.373800 0.426600 0.466200 0.431800 0.391600 0.376400 0.560400 
-1 1 -1 1 -1 -1 1 1 1 1 -1 -1 -1 1 1 1 1 1 -1 1 1 1 -1 1 1 -1 1 1 1 1 -1 1 -1 1 -1 -1 -1 -1 1 -1 -1 -1 -1 1 -1 -1 -1 1 1 -1 -1 -1 1 1 -1 1 -1 -1 1 1 1 -1 -1 1 -1 -1 1 -1 1 -1 -1 1 1 -1 -1 -1 1 1 -1 -1 1 -1 1 1 1 -1 1 -1 -1 -1 -1 -1 1 1 1 1 1 1 -1 1 
---23
0---------------------------
0.274200 0.363800 0.411000 0.587200 0.478000 0.450800 0.450800 0.634600 0.378600 0.486200 
-1 1 1 1 -1 -1 -1 -1 1 1 -1 1 -1 1 -1 -1 1 1 1 1 1 -1 -1 1 1 -1 1 1 1 1 -1 1 -1 1 -1 -1 -1 1 -1 -1 -1 -1 -1 1 -1 -1 1 1 1 -1 -1 -1 1 1 1 -1 -1 -1 -1 -1 -1 1 -1 1 -1 -1 1 1 -1 1 -1 1 1 -1 1 -1 1 -1 -1 1 1 1 1 1 -1 -1 -1 -1 1 -1 -1 -1 1 -1 1 1 1 -1 1 1 
---24
0---------------------------
0.322000 0.238000 0.438400 0.665400 0.506600 0.470200 0.392200 0.665600 0.345200 0.493200 
-1 1 1 1 -1 -1 1 -1 1 1 1 -1 -1 1 -1 -1 1 1 1 1 1 -1 -1 1 -1 -1 1 1 -1 1 -1 -1 -1 1 -1 -1 -1 1 -1 -1 -1 1 1 1 -1 -1 -1 1 1 -1 -1 -1 1 1 1 -1 -1 -1 1 -1 -1 1 -1 1 1 -1 1 -1 -1 -1 -1 1 -1 -1 1 -1 1 -1 -1 1 1 1 1 1 -1 1 1 -1 1 -1 -1 -1 1 -1 1 -1 1 1 -1 1 
---25
0---------------------------
0.204200 0.110600 0.271400 0.497600 0.319600 0.313600 0.197200 0.437400 0.198200 0.317800 
-1 1 1 1 -1 -1 1 -1 1 1 1 -1 -1 1 -1 -1 1 1 1 1 1 -1 -1 1 -1 -1 -1 1 -1 1 -1 -1 -1 -1 -1 -1 1 1 -1 1 -1 1 1 1 -1 1 -1 1 -1 -1 -1 -1 1 1 1 -1 -1 1 1 -1 1 1 -1 1 1 -1 1 -1 1 -1 -1 1 -1 -1 1 -1 1 1 -1 1 -1 1 1 1 -1 1 1 -1 1 -1 -1 -1 1 -1 1 -1 1 1 -1 1 
---26
0---------------------------
0.219400 0.140200 0.331400 0.223200 0.370800 0.172000 0.485600 0.319400 0.280600 0.334600 
1 1 1 -1 -1 -1 -1 -1 1 1 1 1 -1 1 -1 1 1 1 -1 -1 1 1 -1 -1 -1 1 1 -1 -1 1 -1 1 -1 1 -1 -1 -1 -1 -1 -1 -1 -1 1 1 1 -1 1 -1 -1 -1 1 1 1 1 -1 -1 -1 -1 1 1 -1 -1 1 1 1 -1 1 -1 -1 1 -1 1 1 -1 -1 -1 1 -1 1 -1 1 1 1 -1 1 1 -1 -1 1 1 -1 -1 1 1 1 -1 1 -1 1 1 
---27
0---------------------------
0.426200 0.180200 0.540200 0.611200 0.496400 0.426000 0.440800 0.655400 0.378600 0.499400 
-1 1 1 1 -1 -1 -1 -1 1 1 1 1 -1 1 -1 1 1 1 1 -1 1 1 -1 1 -1 -1 1 -1 -1 1 -1 -1 -1 1 -1 -1 -1 -1 -1 -1 -1 -1 1 1 -1 -1 -1 -1 -1 -1 -1 -1 1 1 1 -1 -1 -1 1 1 -1 -1 -1 1 1 -1 1 -1 -1 1 -1 1 1 -1 1 -1 1 -1 -1 1 1 1 1 1 -1 1 1 -1 1 -1 -1 -1 1 -1 1 -1 1 1 1 1 
---28
0---------------------------
0.255600 0.154000 0.372800 0.260600 0.414200 0.211800 0.512600 0.357600 0.312800 0.368000 
-1 1 1 -1 -1 -1 -1 -1 1 1 1 1 -1 1 -1 1 1 1 -1 -1 -1 1 -1 -1 -1 -1 1 -1 -1 1 -1 1 -1 1 -1 -1 -1 -1 -1 -1 -1 -1 1 1 1 -1 1 -1 -1 -1 -1 1 1 1 -1 -1 -1 -1 1 1 -1 -1 1 1 1 -1 1 -1 -1 1 -1 1 1 -1 -1 -1 1 -1 1 -1 1 1 1 -1 1 1 -1 -1 1 1 -1 -1 1 1 1 -1 1 -1 1 1 
---29
0---------------------------
0.155400 0.388600 0.281800 0.218400 0.474800 0.494800 0.370000 0.191000 0.237400 0.315000 
-1 1 1 1 1 1 -1 1 1 1 1 -1 1 1 -1 1 1 -1 1 -1 1 1 1 -1 -1 -1 1 -1 1 -1 -1 1 -1 -1 1 -1 -1 -1 -1 -1 1 -1 1 1 1 -1 -1 1 1 1 -1 -1 1 -1 -1 -1 -1 -1 1 -1 1 -1 1 1 1 -1 1 1 -1 1 -1 -1 1 -1 -1 -1 -1 1 -1 1 1 -1 -1 -1 -1 -1 -1 1 -1 -1 -1 1 -1 -1 1 1 1 -1 -1 1 
---50
0---------------------------
0.425600 0.503200 0.475600 0.369800 0.360600 0.417000 0.420600 0.347200 0.352400 0.512000 
-1 1 -1 1 -1 -1 1 1 1 1 -1 -1 -1 1 1 1 1 1 1 1 1 1 1 1 1 -1 -1 -1 1 1 -1 -1 -1 1 -1 -1 -1 -1 1 -1 -1 -1 1 1 -1 -1 -1 1 1 -1 -1 -1 1 1 -1 1 -1 -1 1 -1 1 -1 -1 1 -1 -1 1 1 1 -1 -1 1 1 1 -1 1 1 1 -1 -1 1 -1 1 1 1 -1 1 -1 -1 -1 1 -1 1 1 1 1 1 1 -1 1 
---51
0---------------------------
0.372200 0.398200 0.475400 0.584000 0.491200 0.526000 0.418800 0.527800 0.349400 0.569800 
-1 1 1 1 -1 -1 1 -1 1 1 -1 -1 -1 1 1 1 1 1 1 1 1 -1 -1 1 1 -1 -1 1 1 1 -1 -1 -1 1 -1 -1 1 -1 -1 -1 -1 1 1 1 -1 1 -1 1 -1 -1 -1 -1 1 1 -1 -1 -1 -1 1 -1 1 -1 -1 1 1 -1 1 -1 1 -1 -1 1 -1 -1 -1 -1 1 1 -1 1 1 -1 1 1 -1 1 1 -1 -1 -1 -1 -1 1 -1 1 -1 1 1 -1 1 
---52
0---------------------------
0.167600 0.392000 0.258400 0.188600 0.131000 0.139800 0.303000 0.076000 0.145600 0.199600 
-1 1 1 1 -1 1 1 1 1 1 -1 -1 -1 -1 1 1 1 -1 1 1 -1 -1 1 1 1 -1 -1 -1 1 1 -1 -1 1 1 1 -1 1 -1 1 -1 -1 1 1 1 1 1 -1 1 1 -1 -1 -1 1 -1 -1 1 -1 -1 -1 -1 1 -1 -1 1 1 -1 1 1 1 -1 -1 -1 1 1 -1 1 -1 1 -1 -1 1 -1 1 1 1 1 -1 -1 -1 -1 1 1 1 -1 1 -1 -1 1 -1 1 
---53
0---------------------------
0.115600 0.427600 0.232800 0.425000 0.331000 0.328200 0.352200 0.414800 0.285200 0.316800 
1 1 1 1 1 1 -1 1 1 1 -1 1 1 1 -1 -1 1 -1 1 1 1 -1 -1 1 1 -1 1 1 1 1 -1 1 -1 1 1 1 -1 1 1 -1 -1 1 -1 -1 -1 -1 1 1 1 -1 -1 -1 -1 1 1 -1 -1 -1 -1 -1 -1 1 -1 -1 -1 1 1 1 -1 1 -1 1 1 -1 1 1 1 -1 -1 -1 1 1 1 1 -1 -1 -1 1 1 -1 -1 1 -1 -1 1 1 1 -1 1 1 
---54
0---------------------------
0.206000 0.119200 0.319200 0.204200 0.357400 0.153400 0.471400 0.300800 0.268800 0.314800 
1 1 1 -1 -1 -1 -1 -1 1 1 1 1 -1 1 -1 1 1 1 -1 -1 -1 1 -1 -1 -1 1 1 -1 -1 1 -1 1 -1 1 -1 -1 -1 -1 -1 -1 -1 -1 1 1 1 -1 1 -1 -1 -1 1 1 1 1 -1 -1 -1 -1 1 1 -1 -1 1 1 1 -1 1 -1 -1 1 -1 1 1 -1 -1 -1 1 -1 1 -1 1 1 1 -1 1 1 -1 -1 1 1 -1 -1 1 1 1 -1 1 -1 1 1 
---55
0---------------------------
0.137600 0.366400 0.260000 0.195800 0.453000 0.479400 0.345400 0.169200 0.219200 0.295200 
-1 1 1 1 1 1 -1 1 1 -1 1 -1 1 1 -1 1 1 -1 1 -1 1 1 1 -1 -1 -1 1 -1 1 -1 -1 1 -1 -1 1 -1 -1 -1 -1 -1 1 -1 1 1 1 -1 -1 1 1 1 -1 -1 1 -1 -1 -1 -1 -1 1 -1 1 -1 1 1 1 -1 1 1 -1 1 -1 -1 1 -1 -1 -1 -1 1 -1 1 1 -1 -1 -1 -1 -1 -1 1 -1 -1 -1 1 -1 -1 -1 1 1 -1 -1 1 
---56
0---------------------------
0.115600 0.427600 0.232800 0.425000 0.331000 0.328200 0.352200 0.414800 0.285200 0.316800 
1 1 1 1 1 1 -1 1 1 1 -1 1 1 1 -1 -1 1 -1 1 1 1 -1 -1 1 1 -1 1 1 1 1 -1 1 -1 1 1 1 -1 1 1 -1 -1 1 -1 -1 -1 -1 1 1 1 -1 -1 -1 -1 1 1 -1 -1 -1 -1 -1 -1 1 -1 -1 -1 1 1 1 -1 1 -1 1 1 -1 1 1 1 -1 -1 -1 1 1 1 1 -1 -1 -1 1 1 -1 -1 1 -1 -1 1 1 1 -1 1 1 
---57
0---------------------------
0.273200 0.164800 0.397200 0.331800 0.436200 0.264200 0.499000 0.425600 0.330400 0.405600 
1 1 1 -1 -1 -1 -1 -1 1 1 1 1 -1 1 -1 1 1 1 -1 -1 -1 1 -1 -1 -1 -1 1 -1 -1 1 -1 1 -1 1 -1 -1 -1 -1 -1 -1 -1 -1 1 1 1 -1 1 -1 -1 -1 1 1 1 1 -1 -1 -1 -1 1 1 -1 -1 -1 1 1 -1 1 -1 -1 1 -1 1 1 -1 -1 -1 1 -1 1 -1 1 1 1 1 1 1 -1 -1 1 -1 -1 -1 1 1 1 -1 1 -1 1 1 
---58
0---------------------------
0.206000 0.119200 0.319200 0.204200 0.357400 0.153400 0.471400 0.300800 0.268800 0.314800 
1 1 1 -1 -1 -1 -1 -1 1 1 1 1 -1 1 -1 1 1 1 -1 -1 -1 1 -1 -1 -1 1 1 -1 -1 1 -1 1 -1 1 -1 -1 -1 -1 -1 -1 -1 -1 1 1 1 -1 1 -1 -1 -1 1 1 1 1 -1 -1 -1 -1 1 1 -1 -1 1 1 1 -1 1 -1 -1 1 -1 1 1 -1 -1 -1 1 -1 1 -1 1 1 1 -1 1 1 -1 -1 1 1 -1 -1 1 1 1 -1 1 -1 1 1 
---59
0---------------------------
0.371400 0.244600 0.429000 0.454800 0.435200 0.506400 0.302000 0.533800 0.331800 0.507400 
-1 1 1 -1 -1 -1 1 -1 1 1 -1 -1 -1 1 1 1 1 1 -1 -1 1 1 -1 1 1 -1 -1 -1 1 1 -1 -1 -1 1 -1 -1 -1 -1 -1 -1 -1 -1 1 1 -1 -1 -1 -1 -1 -1 -1 -1 1 1 -1 -1 -1 -1 1 -1 -1 -1 -1 1 -1 -1 1 1 -1 -1 -1 1 -1 -1 -1 -1 1 -1 -1 1 1 1 -1 1 -1 -1 1 -1 -1 -1 -1 -1 1 1 1 1 1 1 -1 1 
---80
0---------------------------
0.525200 0.367600 0.581200 0.491400 0.455400 0.567800 0.395400 0.476400 0.371600 0.544000 
-1 1 1 1 -1 1 -1 1 1 1 -1 -1 -1 1 1 1 1 1 1 -1 1 1 1 1 1 -1 1 -1 1 1 -1 -1 -1 1 -1 -1 -1 -1 1 -1 1 -1 1 1 -1 -1 -1 -1 -1 -1 -1 -1 1 -1 -1 1 1 -1 1 1 1 -1 -1 1 1 -1 1 1 1 1 -1 -1 1 -1 -1 -1 1 1 -1 1 1 -1 -1 -1 -1 -1 1 -1 -1 -1 1 -1 -1 -1 1 1 1 1 -1 1 
---81
0---------------------------
0.400600 0.345400 0.504600 0.548800 0.470400 0.534000 0.392400 0.550600 0.348200 0.527400 
-1 1 1 1 -1 -1 1 -1 1 1 -1 -1 -1 1 1 1 1 1 1 1 1 1 -1 1 1 -1 -1 -1 1 1 -1 -1 -1 1 -1 -1 -1 -1 -1 -1 -1 -1 1 1 -1 -1 -1 1 1 -1 -1 -1 1 1 -1 1 -1 -1 1 -1 -1 -1 -1 1 1 -1 1 1 -1 -1 -1 1 -1 -1 -1 -1 1 1 -1 1 1 -1 1 1 -1 -1 1 -1 -1 -1 1 -1 1 -1 1 1 1 1 -1 1 
---82
0---------------------------
0.204000 0.329200 0.172800 0.071400 0.173800 0.174600 0.227000 0.074800 0.220000 0.296400 
1 -1 -1 1 -1 -1 -1 1 1 -1 -1 -1 -1 1 1 1 1 1 -1 1 1 1 1 1 1 1 1 1 1 1 -1 1 -1 1 -1 1 -1 1 1 -1 -1 -1 -1 -1 -1 1 -1 1 -1 -1 -1 1 1 1 -1 1 -1 1 1 1 1 1 1 -1 -1 -1 1 -1 1 -1 -1 1 1 1 -1 1 1 1 -1 -1 1 -1 1 -1 1 -1 1 1 -1 -1 -1 -1 -1 1 -1 1 1 1 -1 -1 
---83
0---------------------------
0.137600 0.424000 0.255600 0.446200 0.352200 0.347400 0.370200 0.438800 0.301200 0.338000 
1 1 1 1 1 1 -1 1 1 1 -1 1 1 1 -1 -1 1 -1 1 1 1 -1 -1 1 1 -1 1 1 1 1 -1 1 -1 1 1 1 -1 1 1 -1 -1 1 -1 -1 -1 -1 1 1 1 -1 -1 -1 -1 1 1 -1 -1 -1 -1 -1 -1 1 -1 -1 -1 1 1 1 -1 1 -1 1 1 -1 1 1 1 -1 -1 -1 1 1 1 1 -1 -1 -1 1 1 -1 -1 1 -1 -1 1 1 1 -1 1 1 
---84
0---------------------------
0.115600 0.427600 0.232800 0.425000 0.331000 0.328200 0.352200 0.414800 0.285200 0.316800 
1 1 1 1 1 1 -1 1 1 1 -1 1 1 1 -1 -1 1 -1 1 1 1 -1 -1 1 1 -1 1 1 1 1 -1 1 -1 1 1 1 -1 1 1 -1 -1 1 -1 -1 -1 -1 1 1 1 -1 -1 -1 -1 1 1 -1 -1 -1 -1 -1 -1 1 -1 -1 -1 1 1 1 -1 1 -1 1 1 -1 1 1 1 -1 -1 -1 1 1 1 1 -1 -1 -1 1 1 -1 -1 1 -1 -1 1 1 1 -1 1 1 
---85
0---------------------------
0.137600 0.366400 0.260000 0.195800 0.453000 0.479400 0.345400 0.169200 0.219200 0.295200 
-1 1 1 1 1 1 -1 1 1 -1 1 -1 1 1 -1 1 1 -1 1 -1 1 1 1 -1 -1 -1 1 -1 1 -1 -1 1 -1 -1 1 -1 -1 -1 -1 -1 1 -1 1 1 1 -1 -1 1 1 1 -1 -1 1 -1 -1 -1 -1 -1 1 -1 1 -1 1 1 1 -1 1 1 -1 1 -1 -1 1 -1 -1 -1 -1 1 -1 1 1 -1 -1 -1 -1 -1 -1 1 -1 -1 -1 1 -1 -1 -1 1 1 -1 -1 1 
---86
0---------------------------
0.204000 0.329200 0.172800 0.071400 0.173800 0.174600 0.227000 0.074800 0.220000 0.296400 
1 -1 -1 1 -1 -1 -1 1 1 -1 -1 -1 -1 1 1 1 1 1 -1 1 1 1 1 1 1 1 1 1 1 1 -1 1 -1 1 -1 1 -1 1 1 -1 -1 -1 -1 -1 -1 1 -1 1 -1 -1 -1 1 1 1 -1 1 -1 1 1 1 1 1 1 -1 -1 -1 1 -1 1 -1 -1 1 1 1 -1 1 1 1 -1 -1 1 -1 1 -1 1 -1 1 1 -1 -1 -1 -1 -1 1 -1 1 1 1 -1 -1 
---87
0---------------------------
0.115600 0.427600 0.232800 0.425000 0.331000 0.328200 0.352200 0.414800 0.285200 0.316800 
1 1 1 1 1 1 -1 1 1 1 -1 1 1 1 -1 -1 1 -1 1 1 1 -1 -1 1 1 -1 1 1 1 1 -1 1 -1 1 1 1 -1 1 1 -1 -1 1 -1 -1 -1 -1 1 1 1 -1 -1 -1 -1 1 1 -1 -1 -1 -1 -1 -1 1 -1 -1 -1 1 1 1 -1 1 -1 1 1 -1 1 1 1 -1 -1 -1 1 1 1 1 -1 -1 -1 1 1 -1 -1 1 -1 -1 1 1 1 -1 1 1 
---88
0---------------------------
0.184000 0.412800 0.314400 0.508600 0.404600 0.388200 0.407000 0.514000 0.336800 0.389200 
1 1 1 1 1 -1 -1 -1 1 1 -1 1 -1 1 -1 -1 1 1 1 1 1 -1 -1 1 1 -1 1 1 1 1 -1 1 -1 1 1 1 -1 1 -1 -1 -1 1 -1 -1 -1 -1 1 1 1 -1 -1 -1 -1 1 1 -1 -1 -1 -1 -1 -1 1 -1 1 -1 -1 1 1 -1 1 -1 1 1 -1 1 -1 1 -1 -1 -1 1 1 1 1 -1 -1 -1 1 1 -1 -1 -1 1 -1 1 1 1 -1 1 1 
---89
0---------------------------
0.435800 0.531400 0.507800 0.363600 0.418000 0.408400 0.543600 0.342600 0.387400 0.540200 
-1 1 1 1 -1 -1 -1 1 1 1 -1 -1 -1 1 1 1 1 -1 1 -1 1 1 1 1 1 -1 1 -1 1 1 -1 1 -1 1 -1 -1 -1 -1 1 -1 -1 -1 1 1 -1 -1 -1 1 -1 -1 -1 1 1 -1 -1 1 -1 -1 1 1 1 -1 1 1 1 -1 1 -1 1 1 -1 -1 1 1 -1 1 1 1 -1 -1 1 1 1 -1 1 -1 1 -1 -1 -1 -1 -1 -1 1 -1 1 1 1 1 1 
---110
0---------------------------
0.494600 0.480200 0.617400 0.682800 0.651200 0.644000 0.580800 0.661400 0.448200 0.712600 
-1 1 1 1 -1 -1 -1 1 1 1 -1 -1 -1 1 1 1 1 1 1 1 1 1 -1 1 1 -1 1 1 1 1 -1 -1 -1 1 -1 -1 -1 -1 -1 -1 -1 -1 1 1 -1 -1 -1 1 -1 -1 -1 -1 1 1 1 -1 -1 -1 1 -1 1 1 -1 1 1 -1 1 -1 1 -1 -1 1 1 -1 -1 -1 1 1 -1 1 1 1 1 1 -1 -1 1 -1 -1 -1 -1 -1 1 -1 1 1 1 1 -1 1 
---111
0---------------------------
0.323400 0.169800 0.351400 0.350000 0.306000 0.417600 0.184000 0.414200 0.262600 0.379000 
-1 1 -1 1 -1 -1 1 -1 1 1 -1 -1 -1 1 1 1 1 1 -1 -1 1 1 -1 1 1 -1 -1 -1 1 1 1 -1 -1 1 -1 -1 -1 -1 -1 -1 -1 -1 -1 1 -1 -1 -1 -1 1 -1 -1 -1 1 1 -1 1 1 -1 1 1 -1 -1 -1 1 -1 -1 1 1 -1 -1 -1 1 -1 -1 -1 -1 1 1 -1 1 1 -1 -1 1 1 -1 1 -1 -1 -1 1 -1 1 1 1 1 1 1 -1 1 
---112
0---------------------------
0.408800 0.279200 0.458400 0.447000 0.425800 0.487800 0.331800 0.520800 0.352400 0.514400 
-1 1 1 -1 -1 -1 1 -1 1 1 -1 -1 -1 1 1 1 1 1 -1 -1 1 1 -1 1 1 -1 -1 -1 1 1 -1 -1 -1 1 -1 -1 -1 -1 -1 -1 -1 -1 1 1 -1 -1 -1 -1 1 -1 -1 -1 1 1 -1 1 -1 -1 1 -1 -1 -1 -1 1 -1 -1 1 1 -1 -1 -1 1 -1 -1 -1 -1 1 -1 -1 1 1 -1 1 1 1 -1 1 -1 -1 -1 1 -1 1 1 1 1 1 1 -1 1 
---113
0---------------------------
0.206800 0.120000 0.320000 0.205000 0.358200 0.154200 0.472200 0.301600 0.269600 0.315600 
1 1 1 -1 -1 -1 -1 -1 1 1 1 1 -1 1 -1 1 1 1 -1 -1 -1 1 -1 -1 -1 1 1 -1 -1 1 -1 1 -1 1 -1 -1 -1 -1 -1 -1 -1 -1 1 1 1 -1 1 -1 -1 -1 1 1 1 1 -1 -1 -1 -1 1 1 -1 -1 1 1 1 -1 1 -1 -1 1 -1 1 1 -1 -1 -1 1 -1 1 -1 1 1 1 -1 1 1 -1 -1 1 1 -1 -1 1 1 1 -1 1 -1 1 1 
---114
0---------------------------
0.204800 0.429600 0.332400 0.525800 0.425400 0.405800 0.427000 0.535200 0.351200 0.419200 
1 1 1 1 1 1 -1 1 1 1 -1 1 -1 1 -1 -1 1 1 1 1 1 -1 -1 1 1 -1 1 1 1 1 -1 1 -1 1 -1 1 -1 1 1 -1 -1 1 -1 -1 -1 -1 1 1 1 -1 -1 -1 -1 1 1 -1 -1 -1 -1 -1 -1 1 -1 -1 -1 1 1 1 -1 1 -1 1 1 -1 1 -1 1 -1 -1 -1 1 1 1 1 -1 -1 -1 1 1 -1 -1 -1 1 -1 1 1 1 -1 1 1 
---115
0---------------------------
0.137600 0.366400 0.260000 0.195800 0.453000 0.479400 0.345400 0.169200 0.219200 0.295200 
-1 1 1 1 1 1 -1 1 1 -1 1 -1 1 1 -1 1 1 -1 1 -1 1 1 1 -1 -1 -1 1 -1 1 -1 -1 1 -1 -1 1 -1 -1 -1 -1 -1 1 -1 1 1 1 -1 -1 1 1 1 -1 -1 1 -1 -1 -1 -1 -1 1 -1 1 -1 1 1 1 -1 1 1 -1 1 -1 -1 1 -1 -1 -1 -1 1 -1 1 1 -1 -1 -1 -1 -1 -1 1 -1 -1 -1 1 -1 -1 -1 1 1 -1 -1 1 
---116
0---------------------------
0.204000 0.329200 0.172800 0.071400 0.173800 0.174600 0.227000 0.074800 0.220000 0.296400 
1 -1 -1 1 -1 -1 -1 1 1 -1 -1 -1 -1 1 1 1 1 1 -1 1 1 1 1 1 1 1 1 1 1 1 -1 1 -1 1 -1 1 -1 1 1 -1 -1 -1 -1 -1 -1 1 -1 1 -1 -1 -1 1 1 1 -1 1 -1 1 1 1 1 1 1 -1 -1 -1 1 -1 1 -1 -1 1 1 1 -1 1 1 1 -1 -1 1 -1 1 -1 1 -1 1 1 -1 -1 -1 -1 -1 1 -1 1 1 1 -1 -1 
---117
0---------------------------
0.125600 0.426000 0.242800 0.435000 0.340600 0.337800 0.361000 0.424800 0.294000 0.326000 
1 1 1 1 1 1 -1 1 1 1 -1 1 1 1 -1 -1 1 -1 1 1 1 -1 -1 1 1 -1 1 1 1 1 -1 1 -1 1 1 1 -1 1 1 -1 -1 1 -1 -1 -1 -1 1 1 1 -1 -1 -1 -1 1 1 -1 -1 -1 -1 -1 -1 1 -1 -1 -1 1 1 1 -1 1 -1 1 1 -1 1 1 1 -1 -1 -1 1 1 1 1 -1 -1 -1 1 1 -1 -1 1 -1 -1 1 1 1 -1 1 1 
---118
0---------------------------
0.115600 0.427600 0.232800 0.425000 0.331000 0.328200 0.352200 0.414800 0.285200 0.316800 
1 1 1 1 1 1 -1 1 1 1 -1 1 1 1 -1 -1 1 -1 1 1 1 -1 -1 1 1 -1 1 1 1 1 -1 1 -1 1 1 1 -1 1 1 -1 -1 1 -1 -1 -1 -1 1 1 1 -1 -1 -1 -1 1 1 -1 -1 -1 -1 -1 -1 1 -1 -1 -1 1 1 1 -1 1 -1 1 1 -1 1 1 1 -1 -1 -1 1 1 1 1 -1 -1 -1 1 1 -1 -1 1 -1 -1 1 1 1 -1 1 1 
---119
0---------------------------
0.359600 0.241200 0.429200 0.459800 0.408200 0.470200 0.286600 0.535200 0.332000 0.475600 
-1 1 1 -1 -1 -1 1 -1 1 1 -1 -1 -1 1 1 1 1 1 -1 -1 1 1 -1 -1 1 -1 -1 -1 1 1 -1 -1 -1 1 -1 -1 -1 -1 -1 -1 -1 -1 1 1 -1 -1 -1 -1 1 -1 -1 -1 1 1 -1 -1 -1 -1 1 1 -1 -1 -1 1 -1 -1 1 1 -1 -1 -1 1 -1 -1 -1 -1 1 -1 -1 1 1 1 1 1 -1 -1 1 -1 -1 -1 -1 -1 1 1 1 1 1 1 -1 1 
---140
0---------------------------
0.516400 0.363200 0.580400 0.537000 0.424600 0.513000 0.389400 0.526800 0.382800 0.574400 
-1 1 1 1 -1 -1 1 1 1 1 -1 -1 -1 1 1 1 1 1 1 -1 1 1 -1 1 1 -1 -1 -1 1 1 -1 -1 -1 1 -1 -1 -1 -1 1 -1 -1 -1 1 1 -1 -1 -1 -1 -1 -1 -1 -1 1 1 -1 1 -1 -1 1 1 1 -1 -1 1 1 -1 1 -1 1 -1 -1 1 1 -1 -1 -1 1 -1 -1 1 1 1 -1 1 -1 -1 1 -1 -1 -1 1 -1 1 1 1 1 1 1 -1 1 
---141
0---------------------------
0.204000 0.329200 0.172800 0.071400 0.173800 0.174600 0.227000 0.074800 0.220000 0.296400 
1 -1 -1 1 -1 -1 -1 1 1 -1 -1 -1 -1 1 1 1 1 1 -1 1 1 1 1 1 1 1 1 1 1 1 -1 1 -1 1 -1 1 -1 1 1 -1 -1 -1 -1 -1 -1 1 -1 1 -1 -1 -1 1 1 1 -1 1 -1 1 1 1 1 1 1 -1 -1 -1 1 -1 1 -1 -1 1 1 1 -1 1 1 1 -1 -1 1 -1 1 -1 1 -1 1 1 -1 -1 -1 -1 -1 1 -1 1 1 1 -1 -1 
---142
0---------------------------
0.206000 0.119200 0.319200 0.204200 0.357400 0.153400 0.471400 0.300800 0.268800 0.314800 
1 1 1 -1 -1 -1 -1 -1 1 1 1 1 -1 1 -1 1 1 1 -1 -1 -1 1 -1 -1 -1 1 1 -1 -1 1 -1 1 -1 1 -1 -1 -1 -1 -1 -1 -1 -1 1 1 1 -1 1 -1 -1 -1 1 1 1 1 -1 -1 -1 -1 1 1 -1 -1 1 1 1 -1 1 -1 -1 1 -1 1 1 -1 -1 -1 1 -1 1 -1 1 1 1 -1 1 1 -1 -1 1 1 -1 -1 1 1 1 -1 1 -1 1 1 
---143
0---------------------------
0.115600 0.427600 0.232800 0.425000 0.331000 0.328200 0.352200 0.414800 0.285200 0.316800 
1 1 1 1 1 1 -1 1 1 1 -1 1 1 1 -1 -1 1 -1 1 1 1 -1 -1 1 1 -1 1 1 1 1 -1 1 -1 1 1 1 -1 1 1 -1 -1 1 -1 -1 -1 -1 1 1 1 -1 -1 -1 -1 1 1 -1 -1 -1 -1 -1 -1 1 -1 -1 -1 1 1 1 -1 1 -1 1 1 -1 1 1 1 -1 -1 -1 1 1 1 1 -1 -1 -1 1 1 -1 -1 1 -1 -1 1 1 1 -1 1 1 
---144
0---------------------------
0.115600 0.427600 0.232800 0.425000 0.331000 0.328200 0.352200 0.414800 0.285200 0.316800 
1 1 1 1 1 1 -1 1 1 1 -1 1 1 1 -1 -1 1 -1 1 1 1 -1 -1 1 1 -1 1 1 1 1 -1 1 -1 1 1 1 -1 1 1 -1 -1 1 -1 -1 -1 -1 1 1 1 -1 -1 -1 -1 1 1 -1 -1 -1 -1 -1 -1 1 -1 -1 -1 1 1 1 -1 1 -1 1 1 -1 1 1 1 -1 -1 -1 1 1 1 1 -1 -1 -1 1 1 -1 -1 1 -1 -1 1 1 1 -1 1 1 
---145
0---------------------------
0.137600 0.366400 0.260000 0.195800 0.453000 0.479400 0.345400 0.169200 0.219200 0.295200 
-1 1 1 1 1 1 -1 1 1 -1 1 -1 1 1 -1 1 1 -1 1 -1 1 1 1 -1 -1 -1 1 -1 1 -1 -1 1 -1 -1 1 -1 -1 -1 -1 -1 1 -1 1 1 1 -1 -1 1 1 1 -1 -1 1 -1 -1 -1 -1 -1 1 -1 1 -1 1 1 1 -1 1 1 -1 1 -1 -1 1 -1 -1 -1 -1 1 -1 1 1 -1 -1 -1 -1 -1 -1 1 -1 -1 -1 1 -1 -1 -1 1 1 -1 -1 1 
---146
0---------------------------
0.137600 0.366400 0.260000 0.195800 0.453000 0.479400 0.345400 0.169200 0.219200 0.295200 
-1 1 1 1 1 1 -1 1 1 -1 1 -1 1 1 -1 1 1 -1 1 -1 1 1 1 -1 -1 -1 1 -1 1 -1 -1 1 -1 -1 1 -1 -1 -1 -1 -1 1 -1 1 1 1 -1 -1 1 1 1 -1 -1 1 -1 -1 -1 -1 -1 1 -1 1 -1 1 1 1 -1 1 1 -1 1 -1 -1 1 -1 -1 -1 -1 1 -1 1 1 -1 -1 -1 -1 -1 -1 1 -1 -1 -1 1 -1 -1 -1 1 1 -1 -1 1 
---147
0---------------------------
0.116000 0.428000 0.233200 0.425400 0.331400 0.328600 0.352600 0.415200 0.285600 0.317200 
1 1 1 1 1 1 -1 1 1 1 -1 1 1 1 -1 -1 1 -1 1 1 1 -1 -1 1 1 -1 1 1 1 1 -1 1 -1 1 1 1 -1 1 1 -1 -1 1 -1 -1 -1 -1 1 1 1 -1 -1 -1 -1 1 1 -1 -1 -1 -1 -1 -1 1 -1 -1 -1 1 1 1 -1 1 -1 1 1 -1 1 1 1 -1 -1 -1 1 1 1 1 -1 -1 -1 1 1 -1 -1 1 -1 -1 1 1 1 -1 1 1 
---148
0---------------------------
0.137600 0.366400 0.260000 0.195800 0.453000 0.479400 0.345400 0.169200 0.219200 0.295200 
-1 1 1 1 1 1 -1 1 1 -1 1 -1 1 1 -1 1 1 -1 1 -1 1 1 1 -1 -1 -1 1 -1 1 -1 -1 1 -1 -1 1 -1 -1 -1 -1 -1 1 -1 1 1 1 -1 -1 1 1 1 -1 -1 1 -1 -1 -1 -1 -1 1 -1 1 -1 1 1 1 -1 1 1 -1 1 -1 -1 1 -1 -1 -1 -1 1 -1 1 1 -1 -1 -1 -1 -1 -1 1 -1 -1 -1 1 -1 -1 -1 1 1 -1 -1 1 
---149
0---------------------------
0.276800 0.212400 0.360800 0.299800 0.403400 0.252200 0.451000 0.393200 0.300400 0.416400 
-1 1 1 -1 -1 -1 -1 -1 1 1 1 -1 -1 1 -1 1 1 1 -1 -1 -1 1 -1 1 -1 1 -1 1 -1 1 -1 1 -1 1 -1 -1 -1 -1 -1 -1 -1 -1 1 1 1 -1 1 -1 -1 -1 1 1 1 1 -1 -1 -1 -1 1 -1 -1 -1 1 1 1 -1 1 -1 -1 -1 -1 1 1 -1 -1 -1 1 -1 1 -1 1 1 1 -1 1 1 1 -1 1 1 -1 -1 1 1 1 -1 1 -1 1 1 
---170
0---------------------------
0.465800 0.240600 0.457400 0.402800 0.305200 0.349200 0.312800 0.366600 0.294200 0.378200 
-1 1 1 1 -1 -1 -1 1 1 1 -1 -1 -1 1 1 1 1 -1 1 -1 1 1 -1 1 1 -1 1 1 1 1 -1 -1 -1 1 -1 -1 -1 -1 1 1 -1 -1 1 1 -1 1 -1 -1 -1 1 -1 1 -1 -1 1 -1 -1 1 1 1 1 1 -1 1 1 -1 1 -1 1 1 -1 -1 1 -1 1 -1 1 1 -1 1 1 1 -1 -1 1 1 1 -1 -1 -1 1 -1 -1 -1 1 1 1 1 1 1 
---171
0---------------------------
0.324200 0.426600 0.435400 0.513200 0.520000 0.445600 0.560000 0.568200 0.407000 0.515400 
-1 1 1 1 -1 -1 -1 -1 1 1 -1 1 -1 1 -1 1 1 1 1 1 1 -1 -1 1 1 -1 1 1 -1 1 -1 1 -1 1 -1 1 -1 -1 -1 -1 -1 -1 1 -1 -1 -1 1 1 1 -1 -1 -1 -1 1 1 -1 -1 -1 1 -1 -1 -1 -1 -1 1 1 1 -1 -1 1 -1 1 1 -1 1 -1 1 -1 -1 -1 1 1 1 1 1 -1 -1 1 1 1 -1 -1 1 -1 1 1 1 -1 1 1 
---172
0---------------------------
0.457200 0.378000 0.533200 0.571400 0.549000 0.605000 0.445000 0.615600 0.410800 0.593200 
-1 1 1 1 -1 -1 1 -1 1 1 -1 -1 -1 1 1 1 1 1 1 1 1 1 -1 1 1 -1 1 -1 1 1 -1 -1 -1 1 -1 -1 -1 -1 -1 -1 -1 -1 1 1 -1 -1 -1 1 1 -1 -1 -1 1 1 -1 -1 -1 -1 1 -1 -1 -1 -1 1 1 -1 1 1 -1 -1 -1 1 -1 -1 -1 -1 1 1 -1 1 1 -1 1 1 -1 -1 1 -1 -1 -1 -1 -1 1 -1 1 1 1 1 -1 1 
---173
0---------------------------
0.115600 0.427600 0.232800 0.425000 0.331000 0.328200 0.352200 0.414800 0.285200 0.316800 
1 1 1 1 1 1 -1 1 1 1 -1 1 1 1 -1 -1 1 -1 1 1 1 -1 -1 1 1 -1 1 1 1 1 -1 1 -1 1 1 1 -1 1 1 -1 -1 1 -1 -1 -1 -1 1 1 1 -1 -1 -1 -1 1 1 -1 -1 -1 -1 -1 -1 1 -1 -1 -1 1 1 1 -1 1 -1 1 1 -1 1 1 1 -1 -1 -1 1 1 1 1 -1 -1 -1 1 1 -1 -1 1 -1 -1 1 1 1 -1 1 1 
---174
0---------------------------
0.281000 0.449400 0.461800 0.573600 0.626800 0.572800 0.596800 0.612200 0.418600 0.539000 
1 1 1 1 1 1 -1 -1 1 1 1 1 1 1 -1 1 1 1 1 -1 1 1 -1 1 1 -1 1 1 1 1 -1 1 -1 1 1 -1 -1 -1 -1 -1 -1 -1 1 1 -1 -1 1 1 1 -1 -1 -1 1 1 1 -1 -1 -1 1 -1 -1 -1 -1 1 1 -1 1 1 -1 1 -1 1 1 -1 1 -1 1 -1 -1 -1 1 1 1 1 -1 -1 -1 1 1 -1 -1 -1 -1 -1 1 1 1 -1 1 1 
---175
0---------------------------
0.142000 0.368400 0.264800 0.200600 0.457000 0.483800 0.349400 0.174000 0.222800 0.299200 
-1 1 1 1 1 1 -1 1 1 -1 -1 -1 1 1 -1 1 1 -1 1 -1 1 1 1 -1 -1 -1 1 -1 1 -1 -1 1 -1 -1 1 -1 -1 -1 -1 -1 1 -1 1 1 1 -1 -1 1 1 1 -1 -1 1 -1 -1 -1 -1 -1 1 -1 1 -1 1 1 1 -1 1 1 -1 1 -1 -1 1 -1 -1 -1 -1 1 -1 1 1 -1 -1 -1 -1 -1 -1 1 -1 -1 -1 1 -1 -1 -1 1 1 -1 -1 1 
---176
0---------------------------
0.144200 0.372600 0.266600 0.202000 0.458800 0.485600 0.351600 0.175800 0.225000 0.301400 
-1 1 1 1 1 1 -1 1 1 -1 1 -1 1 1 -1 1 1 -1 1 -1 1 1 1 -1 -1 -1 1 -1 1 -1 -1 1 -1 -1 1 -1 -1 -1 -1 -1 1 -1 1 1 1 -1 -1 1 1 1 -1 -1 1 -1 -1 -1 -1 -1 1 -1 1 -1 1 1 1 -1 1 1 -1 1 -1 -1 1 -1 -1 -1 -1 1 -1 1 1 -1 -1 -1 -1 -1 -1 1 -1 -1 -1 1 -1 -1 1 1 1 -1 -1 1 
---177
0---------------------------
0.382000 0.238400 0.512400 0.700600 0.509800 0.461000 0.442600 0.704400 0.380400 0.507600 
-1 1 1 1 -1 -1 -1 -1 1 1 1 1 -1 1 -1 -1 1 1 1 1 1 -1 -1 1 -1 -1 1 1 -1 1 -1 -1 -1 1 -1 -1 -1 -1 -1 1 -1 -1 1 1 -1 -1 -1 1 -1 -1 -1 -1 1 1 1 -1 -1 -1 1 -1 -1 1 -1 1 1 -1 1 -1 -1 1 -1 1 1 -1 1 -1 1 -1 -1 1 1 1 1 1 -1 1 1 -1 1 -1 -1 -1 1 -1 1 -1 1 1 1 1 
---178
0---------------------------
0.240600 0.366600 0.399000 0.568800 0.473200 0.408000 0.484800 0.597000 0.369800 0.460200 
1 1 1 1 1 -1 -1 -1 1 1 1 1 -1 1 -1 -1 1 1 1 1 1 -1 -1 1 -1 -1 1 1 -1 1 -1 1 -1 1 -1 1 -1 1 -1 -1 -1 1 1 -1 -1 -1 1 1 1 -1 -1 -1 1 1 1 -1 -1 -1 1 -1 -1 1 -1 1 1 -1 1 -1 -1 1 -1 1 1 -1 1 -1 1 -1 -1 -1 1 1 1 1 -1 -1 -1 -1 1 -1 -1 -1 1 -1 1 -1 1 -1 1 1 
---179
0---------------------------
0.216800 0.459600 0.340000 0.337400 0.532200 0.558600 0.428600 0.298000 0.292000 0.389200 
-1 1 1 1 1 1 -1 1 1 1 1 -1 1 1 -1 1 1 -1 1 1 1 1 1 1 -1 -1 1 -1 1 1 -1 1 -1 -1 1 -1 -1 -1 -1 -1 1 1 1 1 1 -1 -1 1 1 1 -1 -1 1 -1 1 -1 -1 -1 1 -1 1 -1 -1 1 1 -1 1 1 -1 1 -1 -1 1 -1 -1 -1 -1 1 -1 1 1 -1 -1 1 -1 -1 -1 1 -1 -1 -1 1 -1 -1 1 1 1 -1 -1 1 
---200
0---------------------------
0.388400 0.716800 0.523200 0.476200 0.620200 0.614600 0.667000 0.458800 0.424800 0.613200 
-1 1 1 1 -1 1 -1 1 1 1 -1 -1 -1 1 -1 1 1 -1 1 1 1 1 1 1 1 -1 1 -1 1 1 -1 1 -1 1 1 -1 -1 -1 1 -1 -1 -1 1 1 1 -1 -1 1 1 -1 -1 -1 1 1 -1 -1 -1 -1 1 -1 1 -1 -1 1 1 -1 1 1 -1 1 -1 -1 1 -1 -1 -1 1 1 -1 -1 1 -1 1 -1 1 -1 -1 -1 -1 -1 -1 1 -1 -1 1 1 1 -1 -1 1 
---201
0---------------------------
0.242800 0.040400 0.254800 0.255800 0.195400 0.311800 0.057800 0.323600 0.174400 0.252800 
-1 1 -1 -1 -1 -1 1 -1 1 1 -1 -1 -1 1 1 1 -1 1 -1 -1 1 1 -1 -1 1 -1 -1 -1 1 1 1 -1 -1 1 -1 -1 -1 -1 -1 -1 1 -1 -1 1 -1 -1 -1 -1 1 -1 -1 -1 1 1 -1 1 1 -1 -1 1 -1 -1 -1 1 -1 -1 -1 1 -1 -1 1 1 -1 -1 -1 -1 1 -1 -1 1 1 -1 -1 1 -1 -1 1 -1 -1 -1 1 -1 1 1 1 1 -1 1 -1 1 
---202
0---------------------------
0.280200 0.471400 0.258600 0.212000 0.267600 0.328000 0.279600 0.263800 0.253800 0.439800 
-1 -1 -1 1 -1 -1 -1 1 1 1 -1 -1 -1 1 1 1 1 1 -1 -1 1 1 -1 1 1 1 1 1 1 1 1 -1 -1 1 -1 -1 -1 -1 1 -1 -1 -1 1 1 -1 -1 -1 -1 -1 -1 -1 -1 -1 1 -1 -1 -1 -1 1 -1 1 -1 1 -1 -1 1 1 1 1 -1 -1 1 -1 -1 -1 1 1 1 -1 -1 1 -1 -1 1 1 -1 1 -1 -1 -1 -1 -1 -1 1 -1 1 1 -1 -1 -1 
---203
0---------------------------
0.115600 0.427600 0.232800 0.425000 0.331000 0.328200 0.352200 0.414800 0.285200 0.316800 
1 1 1 1 1 1 -1 1 1 1 -1 1 1 1 -1 -1 1 -1 1 1 1 -1 -1 1 1 -1 1 1 1 1 -1 1 -1 1 1 1 -1 1 1 -1 -1 1 -1 -1 -1 -1 1 1 1 -1 -1 -1 -1 1 1 -1 -1 -1 -1 -1 -1 1 -1 -1 -1 1 1 1 -1 1 -1 1 1 -1 1 1 1 -1 -1 -1 1 1 1 1 -1 -1 -1 1 1 -1 -1 1 -1 -1 1 1 1 -1 1 1 
---204
0---------------------------
0.323000 0.378200 0.425400 0.400000 0.345200 0.363200 0.394400 0.328600 0.284600 0.383000 
-1 1 1 1 -1 1 1 1 1 1 -1 -1 -1 1 1 1 1 1 1 1 1 -1 1 1 1 -1 -1 -1 -1 1 -1 -1 -1 1 1 -1 1 -1 -1 -1 -1 1 1 1 1 1 -1 1 1 -1 -1 -1 1 -1 1 1 -1 -1 1 -1 1 -1 -1 1 1 -1 1 -1 1 -1 -1 -1 1 -1 -1 -1 -1 1 -1 1 1 -1 1 1 1 1 -1 -1 -1 -1 1 1 1 -1 1 -1 1 1 -1 1 
---205
0---------------------------
0.273200 0.478400 0.294800 0.169000 0.284200 0.293000 0.368200 0.132800 0.267200 0.354000 
-1 1 -1 1 -1 1 -1 1 1 -1 -1 -1 -1 1 1 1 1 1 -1 1 1 -1 1 1 1 -1 1 -1 1 1 -1 1 -1 1 1 1 -1 -1 1 -1 -1 -1 1 -1 -1 1 -1 1 1 -1 -1 -1 1 1 -1 1 -1 -1 1 -1 1 -1 1 -1 -1 -1 1 -1 1 -1 -1 -1 1 1 -1 1 -1 1 -1 -1 1 -1 1 -1 1 -1 -1 1 -1 -1 -1 -1 -1 -1 1 1 1 1 -1 -1 
---206
0---------------------------
0.073800 0.261800 0.011400 -0.013600 0.009600 0.068800 0.040000 0.013000 0.020600 0.164200 
-1 -1 -1 1 -1 -1 -1 1 -1 1 -1 -1 -1 1 1 1 1 -1 1 -1 1 -1 -1 1 1 1 -1 1 -1 -1 1 -1 -1 1 -1 -1 -1 -1 1 1 -1 -1 1 1 1 -1 1 -1 -1 1 1 -1 -1 -1 -1 -1 1 -1 1 -1 1 -1 1 -1 -1 1 1 1 1 -1 -1 -1 -1 -1 -1 1 1 1 -1 -1 1 1 -1 1 1 -1 1 -1 -1 1 1 -1 -1 1 -1 1 1 -1 1 -1 
---207
0---------------------------
0.343800 0.261000 0.468200 0.354400 0.495200 0.326800 0.585200 0.450600 0.382600 0.454200 
1 1 1 -1 -1 -1 -1 -1 1 1 -1 1 -1 1 -1 1 1 1 -1 -1 -1 1 -1 1 1 -1 1 -1 1 1 -1 1 -1 1 -1 -1 -1 -1 -1 -1 -1 -1 1 1 1 -1 1 -1 1 -1 -1 1 -1 1 -1 -1 -1 -1 1 1 -1 -1 1 1 1 -1 1 -1 -1 1 -1 1 1 -1 -1 -1 1 -1 -1 -1 1 1 1 -1 1 -1 -1 -1 1 -1 -1 -1 1 1 1 1 1 -1 1 1 
---208
0---------------------------
0.363600 0.351600 0.448400 0.333800 0.429400 0.501800 0.371000 0.278400 0.291600 0.363200 
-1 1 1 1 -1 1 -1 1 1 -1 -1 -1 1 1 1 1 -1 -1 1 -1 1 1 1 1 1 -1 1 -1 1 -1 -1 1 -1 1 1 -1 -1 -1 -1 -1 1 -1 1 1 1 -1 -1 1 1 1 -1 -1 1 -1 1 1 -1 -1 1 -1 1 -1 -1 1 1 -1 1 1 -1 1 -1 -1 1 -1 -1 -1 -1 1 -1 1 1 -1 -1 -1 -1 1 1 -1 -1 -1 1 1 -1 -1 1 1 1 1 -1 1 
---209
0---------------------------
0.164600 0.389000 0.255400 0.185600 0.128000 0.136800 0.300000 0.073000 0.142600 0.196600 
-1 1 1 1 -1 1 1 1 1 1 -1 -1 -1 -1 1 1 1 -1 1 1 -1 -1 1 1 1 -1 -1 -1 1 1 -1 -1 1 1 1 -1 1 -1 1 -1 -1 1 1 1 1 1 -1 1 1 -1 -1 -1 1 -1 -1 1 -1 -1 -1 -1 1 -1 -1 1 1 -1 1 1 1 -1 -1 -1 1 1 -1 1 -1 1 -1 -1 1 -1 1 1 1 1 -1 -1 -1 -1 1 1 1 -1 1 -1 -1 1 -1 1 
---230
0---------------------------
0.206400 0.462800 0.303200 0.242200 0.216600 0.225800 0.363000 0.140000 0.200800 0.256400 
-1 1 1 1 -1 1 -1 1 1 1 -1 -1 -1 1 1 1 1 -1 1 1 1 -1 1 1 1 -1 1 -1 1 1 -1 -1 -1 1 1 -1 -1 -1 1 -1 -1 1 1 1 1 1 -1 1 1 -1 -1 -1 1 -1 -1 1 -1 -1 -1 -1 1 -1 -1 1 1 -1 1 1 1 1 -1 -1 1 1 -1 1 -1 1 -1 -1 1 -1 1 1 1 1 -1 1 -1 -1 1 1 -1 -1 1 1 1 1 -1 1 
---231
0---------------------------
0.248400 0.374800 0.220000 0.111400 0.215800 0.221400 0.266200 0.115200 0.251600 0.341200 
-1 -1 -1 1 -1 -1 -1 1 1 -1 -1 -1 -1 1 1 1 1 1 -1 1 1 1 1 1 1 1 1 1 1 1 -1 1 -1 1 -1 1 -1 -1 1 -1 -1 -1 -1 -1 -1 1 -1 1 -1 -1 -1 1 1 1 -1 1 -1 1 1 1 1 -1 1 -1 -1 -1 1 -1 1 -1 -1 1 1 1 -1 1 1 1 -1 -1 1 -1 1 -1 1 -1 1 1 -1 -1 -1 -1 -1 1 -1 1 1 1 -1 -1 
---232
0---------------------------
0.287800 0.425800 0.274600 0.196400 0.261600 0.275600 0.306800 0.190200 0.277800 0.409800 
-1 -1 -1 1 -1 -1 -1 1 1 1 -1 -1 -1 1 1 1 1 1 -1 1 1 1 1 1 1 1 1 1 1 1 -1 1 -1 1 -1 -1 -1 1 1 -1 -1 -1 1 1 -1 1 -1 1 -1 -1 -1 -1 1 1 -1 1 -1 1 1 -1 1 1 1 -1 -1 -1 1 -1 1 -1 -1 1 1 1 -1 1 1 1 -1 -1 1 -1 1 1 1 -1 1 -1 -1 -1 -1 -1 -1 1 -1 1 1 1 -1 -1 
---233
0---------------------------
0.137600 0.366400 0.260000 0.195800 0.453000 0.479400 0.345400 0.169200 0.219200 0.295200 
-1 1 1 1 1 1 -1 1 1 -1 1 -1 1 1 -1 1 1 -1 1 -1 1 1 1 -1 -1 -1 1 -1 1 -1 -1 1 -1 -1 1 -1 -1 -1 -1 -1 1 -1 1 1 1 -1 -1 1 1 1 -1 -1 1 -1 -1 -1 -1 -1 1 -1 1 -1 1 1 1 -1 1 1 -1 1 -1 -1 1 -1 -1 -1 -1 1 -1 1 1 -1 -1 -1 -1 -1 -1 1 -1 -1 -1 1 -1 -1 -1 1 1 -1 -1 1 
---234
0---------------------------
0.164600 0.389000 0.255400 0.185600 0.128000 0.136800 0.300000 0.073000 0.142600 0.196600 
-1 1 1 1 -1 1 1 1 1 1 -1 -1 -1 -1 1 1 1 -1 1 1 -1 -1 1 1 1 -1 -1 -1 1 1 -1 -1 1 1 1 -1 1 -1 1 -1 -1 1 1 1 1 1 -1 1 1 -1 -1 -1 1 -1 -1 1 -1 -1 -1 -1 1 -1 -1 1 1 -1 1 1 1 -1 -1 -1 1 1 -1 1 -1 1 -1 -1 1 -1 1 1 1 1 -1 -1 -1 -1 1 1 1 -1 1 -1 -1 1 -1 1 
---235
0---------------------------
0.248000 0.503600 0.439200 0.405400 0.633400 0.516200 0.659400 0.422800 0.385600 0.481200 
1 1 1 1 -1 1 -1 1 1 1 1 1 1 1 -1 1 1 -1 1 -1 1 1 -1 -1 -1 -1 1 -1 1 1 -1 1 -1 1 1 -1 -1 -1 -1 -1 -1 -1 1 1 1 -1 1 1 1 -1 -1 -1 1 1 -1 -1 -1 -1 1 -1 -1 -1 1 1 1 -1 1 1 -1 1 -1 -1 1 -1 -1 -1 1 -1 -1 -1 1 1 1 -1 -1 -1 -1 1 1 -1 -1 1 -1 -1 1 1 1 -1 -1 1 
---236
0---------------------------
0.042000 0.246000 -0.019200 -0.033400 -0.007000 0.051800 0.015000 -0.001200 -0.000400 0.147600 
-1 -1 -1 1 -1 -1 1 1 -1 1 -1 -1 -1 1 1 1 1 -1 1 -1 1 -1 -1 1 1 1 -1 1 -1 -1 1 -1 -1 1 -1 -1 -1 -1 1 1 -1 -1 1 1 1 -1 1 -1 -1 1 1 -1 -1 -1 -1 -1 1 -1 1 -1 1 -1 1 -1 -1 1 1 1 1 -1 -1 -1 -1 -1 -1 1 1 1 1 -1 1 1 -1 1 1 -1 1 -1 -1 1 1 -1 -1 1 -1 1 1 -1 1 -1 
---237
0---------------------------
0.301600 0.441600 0.449600 0.481800 0.502200 0.505800 0.470600 0.384000 0.311200 0.449600 
-1 1 1 1 -1 1 1 1 1 1 1 -1 -1 1 -1 1 1 1 1 1 1 -1 1 1 -1 -1 1 -1 1 1 -1 -1 -1 -1 1 -1 -1 -1 -1 -1 -1 1 1 1 1 1 -1 1 1 -1 -1 -1 1 -1 -1 -1 -1 -1 1 -1 1 -1 -1 1 1 -1 1 -1 1 -1 -1 -1 1 -1 -1 -1 -1 1 -1 1 1 -1 1 1 -1 1 -1 -1 -1 -1 -1 1 1 -1 1 -1 1 1 -1 1 
---238
0---------------------------
0.308600 0.458200 0.444600 0.324800 0.385600 0.352400 0.517600 0.285800 0.306600 0.401400 
-1 1 1 1 -1 1 1 1 1 1 -1 -1 -1 1 1 1 1 1 1 1 -1 1 1 1 1 -1 1 -1 1 1 -1 1 1 1 1 -1 -1 -1 -1 -1 -1 -1 1 1 1 -1 -1 1 1 -1 -1 -1 1 -1 -1 -1 -1 -1 -1 -1 1 -1 -1 1 1 -1 1 1 -1 -1 -1 -1 1 -1 -1 -1 -1 1 -1 -1 1 -1 1 1 1 1 -1 -1 -1 -1 1 1 1 -1 1 -1 1 -1 -1 1 
---239
0---------------------------
profiles 0,Label 9
profiles 1,Label 9
profiles 2,Label 9
profiles 3,Label 9
profiles 4,Label 7
profiles 5,Label 5
profiles 6,Label 2
profiles 7,Label 0
profiles 8,Label 1
profiles 9,Label 6
profiles 10,Label 1
profiles 11,Label 1
profiles 12,Label 0
profiles 13,Label 0
profiles 14,Label 1
profiles 15,Label 6
profiles 16,Label 1
profiles 17,Label 1
profiles 18,Label 7
profiles 19,Label 5
profiles 20,Label 1
profiles 21,Label 1
profiles 22,Label 6
profiles 23,Label 9
profiles 24,Label 7
profiles 25,Label 7
profiles 26,Label 3
profiles 27,Label 6
profiles 28,Label 7
profiles 29,Label 6
profiles 30,Label 5
profiles 31,Label 9
profiles 32,Label 3
profiles 33,Label 1
profiles 34,Label 1
profiles 35,Label 6
profiles 36,Label 5
profiles 37,Label 1
profiles 38,Label 6
profiles 39,Label 6
profiles 40,Label 7
profiles 41,Label 2
profiles 42,Label 7
profiles 43,Label 1
profiles 44,Label 3
profiles 45,Label 1
profiles 46,Label 5
profiles 47,Label 1
profiles 48,Label 1
profiles 49,Label 7
profiles 50,Label 6
profiles 51,Label 9
profiles 52,Label 5
profiles 53,Label 7
profiles 54,Label 6
profiles 55,Label 7
profiles 56,Label 5
profiles 57,Label 1
profiles 58,Label 3
profiles 59,Label 1
profiles 60,Label 7
profiles 61,Label 2
profiles 62,Label 1
profiles 63,Label 6
profiles 64,Label 1
profiles 65,Label 1
profiles 66,Label 5
profiles 67,Label 5
profiles 68,Label 1
profiles 69,Label 5
profiles 70,Label 6
profiles 71,Label 0
profiles 72,Label 7
profiles 73,Label 7
profiles 74,Label 1
profiles 75,Label 4
profiles 76,Label 5
profiles 77,Label 5
profiles 78,Label 7
profiles 79,Label 7
profiles 80,Label 5
profiles 81,Label 1
profiles 82,Label 7
profiles 83,Label 1
profiles 84,Label 1
profiles 85,Label 2
profiles 86,Label 1
profiles 87,Label 1
profiles 88,Label 6
profiles 89,Label 5
profiles 90,Label 1
profiles 91,Label 1
profiles 92,Label 1
profiles 93,Label 1
profiles 94,Label 5
profiles 95,Label 1
profiles 96,Label 6
profiles 97,Label 1
profiles 98,Label 5
profiles 99,Label 6
hit-3
miss-97
