das
0.233200 0.092600 0.080000 
-1 -1 -1 -1 1 -1 -1 -1 -1 -1 1 1 1 -1 -1 -1 -1 -1 1 1 -1 1 -1 1 -1 -1 1 -1 -1 1 -1 -1 1 1 1 -1 1 1 1 1 -1 -1 -1 1 1 -1 1 1 -1 1 1 -1 1 1 1 -1 1 1 1 -1 -1 1 1 -1 1 1 -1 1 -1 1 -1 -1 -1 1 1 -1 1 1 1 -1 1 -1 -1 -1 -1 -1 1 1 -1 1 -1 1 -1 1 1 1 1 -1 1 1 
---0.157000 0.095200 0.087800 
1 1 1 -1 1 -1 1 1 1 -1 -1 1 -1 -1 -1 -1 1 1 1 -1 -1 -1 -1 -1 1 1 1 1 -1 1 1 1 1 1 1 -1 1 -1 1 1 -1 1 -1 -1 1 1 -1 1 1 -1 -1 1 1 -1 -1 1 1 -1 -1 1 1 1 1 1 1 1 -1 -1 1 1 -1 1 -1 1 1 1 -1 1 1 -1 1 1 -1 -1 1 1 1 1 1 1 1 1 -1 1 -1 1 1 -1 1 1 
---0.248200 0.050400 0.056600 
1 -1 1 -1 -1 -1 1 -1 -1 -1 1 1 1 -1 1 -1 -1 1 -1 1 -1 1 -1 -1 1 -1 1 1 -1 -1 -1 1 1 1 -1 1 -1 -1 1 -1 1 -1 1 -1 1 1 1 1 -1 1 -1 -1 -1 1 -1 -1 1 1 1 1 1 -1 -1 -1 1 1 1 1 -1 1 -1 -1 -1 1 -1 1 1 -1 1 -1 1 -1 -1 1 1 1 -1 -1 -1 1 1 -1 -1 1 -1 -1 -1 1 1 -1 
---0.185800 0.082400 0.095400 
-1 -1 1 1 1 -1 -1 1 1 1 -1 1 -1 -1 -1 1 -1 1 1 -1 -1 -1 -1 1 1 1 -1 1 -1 1 -1 1 -1 1 -1 1 -1 1 1 1 1 -1 1 1 1 1 1 1 -1 -1 -1 1 1 -1 -1 -1 1 -1 1 -1 1 -1 -1 1 1 -1 1 -1 -1 1 -1 -1 1 -1 -1 1 1 1 1 1 -1 1 -1 -1 1 -1 1 1 -1 1 -1 -1 1 -1 1 1 -1 -1 1 1 
---0.249000 0.049200 0.059000 
-1 1 1 -1 1 -1 1 1 -1 -1 1 -1 1 -1 1 -1 1 1 1 1 -1 1 -1 -1 1 1 -1 1 1 -1 1 -1 1 1 1 1 1 1 -1 -1 1 1 1 -1 1 1 -1 1 -1 -1 -1 -1 -1 -1 -1 -1 1 1 1 -1 -1 1 -1 1 1 1 1 1 -1 -1 1 -1 1 1 1 -1 1 1 1 -1 1 -1 -1 1 1 1 -1 1 -1 -1 1 -1 1 1 -1 1 -1 -1 1 -1 
---0.221600 0.034600 0.151600 
1 1 1 -1 -1 -1 -1 1 1 1 -1 1 1 1 -1 1 -1 -1 1 -1 -1 -1 -1 1 -1 1 1 1 1 -1 -1 -1 1 -1 1 -1 -1 1 1 -1 -1 1 -1 -1 -1 1 -1 1 -1 1 -1 1 -1 -1 -1 -1 1 -1 1 -1 -1 1 -1 1 -1 -1 -1 1 1 -1 1 1 -1 -1 -1 -1 1 -1 1 -1 1 -1 1 -1 1 1 1 1 1 -1 -1 1 1 1 1 1 -1 1 1 1 
---0.229400 0.063600 0.050600 
1 -1 -1 -1 -1 -1 1 1 1 -1 1 1 -1 -1 1 1 -1 1 -1 -1 -1 -1 -1 -1 -1 1 1 1 -1 -1 1 1 1 1 -1 1 -1 1 -1 -1 -1 1 -1 1 -1 1 -1 1 -1 -1 -1 1 1 -1 -1 1 1 1 1 -1 -1 -1 1 1 1 1 1 1 1 1 -1 -1 1 1 1 1 1 1 1 -1 1 1 1 1 1 1 1 -1 -1 1 1 1 -1 1 -1 1 1 -1 1 -1 
---0.224600 0.059200 0.091000 
1 1 -1 1 -1 -1 1 -1 -1 -1 -1 -1 1 1 -1 1 1 1 1 1 1 1 1 1 -1 1 1 1 -1 -1 1 -1 1 -1 1 1 1 1 -1 1 -1 1 -1 -1 1 1 1 -1 -1 -1 1 -1 1 1 -1 -1 1 -1 1 1 -1 -1 -1 1 1 -1 1 -1 1 1 1 1 1 1 1 1 -1 1 1 -1 1 1 1 -1 1 1 -1 1 1 -1 -1 -1 -1 1 -1 1 1 -1 -1 1 
---0.215600 0.084200 0.079600 
1 -1 -1 1 1 -1 -1 1 -1 1 -1 1 -1 -1 -1 -1 -1 1 1 1 1 -1 1 -1 1 1 -1 1 1 -1 1 1 -1 1 1 1 1 -1 -1 1 1 -1 -1 1 1 1 1 -1 -1 1 -1 -1 -1 -1 -1 -1 1 1 1 -1 1 -1 -1 -1 -1 1 -1 1 -1 1 1 -1 -1 1 1 -1 1 1 1 -1 1 1 1 1 -1 1 -1 1 -1 1 1 1 -1 -1 -1 1 1 -1 1 1 
---0.245400 0.037200 0.095400 
-1 1 1 1 -1 -1 1 -1 -1 -1 1 1 1 1 -1 1 -1 -1 1 1 -1 1 1 -1 -1 1 1 1 1 -1 -1 1 -1 1 -1 1 -1 -1 -1 1 -1 -1 1 -1 -1 -1 -1 -1 -1 -1 -1 1 1 -1 1 -1 1 -1 1 -1 -1 -1 -1 1 1 1 1 1 -1 1 1 -1 -1 -1 -1 -1 1 1 1 1 1 1 -1 -1 -1 1 -1 1 1 1 -1 -1 1 1 -1 -1 1 -1 -1 1 
---0.224600 0.030800 0.064600 
-1 -1 -1 1 -1 1 -1 1 1 -1 -1 -1 -1 1 1 -1 1 1 1 -1 -1 -1 -1 1 -1 1 1 -1 1 -1 1 1 1 -1 -1 -1 -1 1 1 1 1 -1 1 1 1 1 1 1 1 -1 1 -1 1 -1 -1 -1 1 1 -1 -1 1 1 -1 -1 1 1 1 -1 -1 1 1 -1 1 -1 1 1 1 1 1 -1 1 -1 -1 -1 -1 1 1 -1 -1 1 1 -1 1 1 -1 1 1 -1 1 1 
---0.228800 0.074200 0.125200 
1 -1 1 -1 1 -1 -1 1 1 -1 -1 1 1 -1 -1 1 1 -1 1 1 1 -1 -1 -1 -1 1 1 1 -1 1 1 1 1 1 1 1 1 1 -1 1 -1 -1 1 1 -1 1 1 -1 -1 1 -1 -1 1 -1 -1 -1 1 1 1 1 -1 -1 -1 1 1 -1 1 1 -1 1 1 1 1 1 -1 1 1 1 1 -1 1 1 1 -1 1 1 -1 1 1 1 1 -1 1 -1 1 -1 -1 -1 1 1 
---0.238400 0.044600 0.093200 
1 -1 -1 -1 -1 1 1 1 1 1 1 -1 1 -1 -1 1 1 1 -1 -1 -1 -1 1 -1 -1 1 1 1 -1 -1 -1 1 1 1 -1 1 -1 1 -1 1 -1 -1 1 1 -1 -1 -1 -1 1 -1 -1 1 1 -1 -1 -1 -1 -1 -1 1 -1 1 1 1 1 -1 1 -1 1 1 1 -1 1 -1 1 -1 1 1 1 1 1 -1 -1 -1 1 1 -1 1 1 1 1 1 1 1 -1 -1 -1 -1 -1 1 
---0.169800 0.019200 0.041000 
1 -1 1 -1 1 1 1 -1 1 1 1 1 1 1 1 -1 -1 -1 -1 1 -1 -1 -1 1 -1 -1 -1 1 -1 -1 -1 1 -1 -1 -1 1 1 -1 -1 1 1 -1 1 1 -1 -1 -1 1 -1 1 -1 -1 1 1 1 1 1 -1 -1 -1 -1 -1 -1 1 1 1 -1 1 -1 -1 -1 1 -1 -1 -1 1 -1 -1 1 -1 1 1 -1 1 -1 1 -1 1 -1 -1 1 1 -1 1 -1 -1 1 1 -1 -1 
---0.276000 0.024600 0.078000 
-1 1 -1 -1 -1 1 1 1 -1 -1 1 1 -1 -1 -1 -1 1 -1 1 1 -1 -1 -1 -1 1 1 1 1 1 1 1 1 -1 -1 1 1 -1 1 1 1 -1 -1 -1 1 1 1 1 1 -1 1 -1 -1 -1 -1 -1 -1 1 -1 -1 1 -1 1 -1 1 1 1 1 -1 1 1 -1 -1 1 1 -1 -1 1 -1 1 -1 1 1 -1 -1 1 1 1 1 -1 1 -1 1 -1 -1 1 1 -1 -1 -1 -1 
---0.158200 0.069600 0.055000 
1 1 -1 1 -1 -1 1 1 1 -1 1 1 -1 -1 1 -1 1 -1 -1 -1 1 -1 -1 -1 -1 1 1 -1 1 -1 -1 1 1 1 -1 1 1 -1 -1 1 -1 1 1 1 1 -1 1 1 -1 1 -1 -1 -1 1 -1 -1 1 1 1 1 -1 1 1 1 -1 1 -1 -1 -1 -1 -1 1 1 1 -1 -1 1 1 1 1 1 1 -1 -1 -1 1 1 1 1 1 -1 1 1 -1 1 1 -1 1 1 -1 
---0.194600 0.048800 0.089800 
-1 -1 1 -1 1 -1 1 1 1 -1 -1 1 1 -1 -1 1 1 -1 1 1 -1 1 -1 -1 -1 1 -1 1 -1 -1 -1 -1 -1 1 1 -1 1 1 1 -1 1 -1 1 -1 -1 -1 1 1 1 1 -1 -1 1 -1 -1 -1 -1 1 1 -1 1 -1 1 1 1 1 1 1 -1 1 -1 -1 -1 1 -1 1 1 1 1 -1 1 -1 -1 -1 1 1 -1 -1 1 -1 -1 -1 1 1 -1 1 1 -1 1 1 
---0.262000 0.043000 0.090400 
1 -1 -1 -1 1 1 1 1 1 -1 1 1 -1 1 -1 1 1 -1 1 1 1 -1 -1 -1 -1 1 1 -1 1 1 -1 1 -1 1 1 1 1 1 -1 1 -1 -1 1 -1 -1 1 -1 1 -1 -1 -1 1 1 -1 -1 -1 1 1 1 1 -1 1 -1 -1 1 1 1 1 1 1 1 -1 -1 -1 1 1 1 -1 1 1 1 1 1 -1 1 -1 -1 1 1 1 1 -1 -1 -1 1 1 1 -1 -1 1 
---0.239800 0.036800 0.041400 
-1 -1 -1 1 1 -1 1 1 1 -1 1 1 -1 -1 -1 1 -1 -1 1 -1 1 -1 1 -1 -1 1 1 1 1 1 -1 1 1 1 -1 1 -1 1 -1 1 -1 1 -1 1 -1 1 1 1 1 -1 -1 -1 1 -1 -1 -1 1 1 1 1 -1 -1 1 1 1 1 1 1 1 -1 -1 -1 1 -1 -1 -1 1 1 1 1 -1 1 -1 -1 -1 1 -1 1 -1 1 1 1 1 1 1 -1 1 -1 1 1 
---0.259600 0.063400 0.096000 
1 1 1 -1 -1 1 1 -1 -1 -1 -1 -1 -1 1 -1 1 1 1 1 1 -1 1 -1 1 -1 -1 -1 -1 -1 1 -1 -1 -1 1 -1 1 1 -1 1 -1 -1 1 1 1 1 -1 -1 1 1 -1 -1 1 -1 -1 -1 -1 1 -1 -1 -1 1 1 -1 -1 1 1 1 -1 -1 1 1 1 -1 1 1 1 1 1 1 -1 1 -1 -1 1 -1 1 -1 1 -1 1 -1 1 1 1 1 -1 1 1 1 -1 
---0.238400 0.084200 0.072000 
-1 1 -1 -1 1 -1 -1 -1 -1 -1 1 1 -1 1 -1 1 -1 1 1 -1 -1 -1 -1 1 -1 -1 -1 -1 -1 1 -1 -1 1 1 -1 -1 1 1 1 1 -1 -1 -1 1 -1 1 -1 1 1 1 -1 1 -1 -1 -1 -1 1 1 1 -1 -1 1 -1 1 1 -1 -1 -1 -1 1 1 1 -1 -1 -1 1 1 1 1 1 1 -1 -1 -1 1 1 -1 -1 1 1 -1 -1 -1 1 1 1 -1 -1 1 1 
---0.240200 0.037200 0.079000 
1 -1 -1 -1 -1 1 1 1 -1 -1 -1 1 -1 1 -1 1 -1 1 -1 -1 -1 -1 -1 1 1 1 1 1 1 1 1 -1 -1 1 1 1 -1 -1 -1 1 -1 1 1 1 -1 1 1 -1 -1 1 -1 1 -1 1 -1 -1 1 1 1 1 1 -1 -1 -1 1 -1 1 1 1 1 1 1 -1 1 -1 -1 1 1 1 1 1 -1 -1 -1 -1 1 -1 -1 -1 1 1 -1 -1 -1 1 1 -1 -1 1 1 
---0.248200 0.042400 0.049400 
1 1 1 1 -1 1 1 1 1 -1 -1 1 -1 1 -1 1 1 1 -1 1 1 1 -1 -1 1 1 -1 1 1 -1 1 1 -1 -1 -1 1 1 1 -1 1 1 -1 1 1 -1 1 1 1 -1 1 -1 1 1 -1 -1 -1 1 -1 -1 -1 -1 1 1 -1 -1 1 -1 1 1 1 1 1 1 -1 1 1 1 1 1 1 1 -1 -1 1 1 1 -1 -1 1 1 1 -1 1 1 -1 1 1 -1 1 1 
---0.238400 0.047800 0.099200 
-1 1 -1 1 -1 -1 1 1 -1 -1 -1 -1 1 -1 1 -1 -1 1 1 1 -1 -1 1 1 -1 1 1 1 1 1 1 -1 -1 -1 -1 1 1 1 -1 1 1 -1 -1 -1 1 -1 1 1 -1 -1 -1 1 1 -1 1 -1 1 -1 -1 -1 -1 1 1 -1 -1 1 -1 1 1 1 -1 1 1 1 1 1 1 1 1 -1 1 -1 1 -1 -1 1 1 -1 -1 1 1 1 1 -1 1 1 1 -1 -1 1 
---0.247200 0.063400 0.067200 
-1 1 -1 -1 1 -1 1 1 -1 1 1 1 1 -1 -1 -1 -1 1 -1 -1 -1 -1 1 1 -1 1 1 1 -1 1 -1 -1 1 1 -1 -1 -1 1 1 -1 -1 1 -1 1 1 -1 1 -1 -1 -1 1 1 -1 -1 -1 -1 1 1 -1 1 -1 -1 1 1 1 -1 1 1 1 1 1 1 1 1 1 1 1 1 1 -1 1 1 -1 -1 1 1 -1 1 1 1 -1 1 -1 1 -1 1 -1 -1 1 -1 
---0.241000 0.017200 0.107400 
1 1 -1 1 1 1 1 1 -1 -1 -1 1 1 1 -1 1 -1 -1 -1 1 -1 -1 1 1 1 -1 1 -1 -1 1 1 1 1 1 1 1 -1 -1 1 1 -1 -1 1 1 -1 1 -1 1 1 -1 -1 1 1 -1 -1 -1 -1 -1 -1 -1 1 1 1 -1 1 -1 1 -1 1 1 1 1 1 1 1 -1 1 1 1 -1 1 -1 -1 1 1 1 -1 1 -1 1 -1 -1 -1 1 -1 -1 1 -1 1 1 
---0.238000 0.043800 0.057200 
1 1 1 -1 1 1 1 1 1 -1 -1 -1 -1 1 1 1 -1 -1 1 1 1 -1 -1 -1 1 1 1 1 1 1 1 1 -1 1 -1 1 1 1 -1 1 -1 -1 1 1 -1 1 -1 -1 1 1 1 1 1 -1 -1 -1 1 1 1 -1 1 1 -1 1 -1 -1 1 1 1 1 1 -1 -1 -1 1 1 1 1 1 -1 1 1 -1 1 -1 1 -1 1 1 1 1 1 1 -1 1 1 -1 -1 -1 1 
---0.172600 0.033200 0.035800 
1 -1 -1 1 1 1 1 1 1 -1 1 1 -1 -1 -1 1 -1 1 -1 1 -1 -1 1 -1 1 1 1 1 1 1 1 -1 -1 1 -1 1 -1 1 -1 -1 -1 -1 1 1 1 1 1 -1 1 1 -1 1 1 -1 -1 1 1 -1 -1 -1 1 -1 -1 1 -1 -1 1 -1 -1 1 1 -1 -1 -1 -1 1 1 1 1 1 1 1 1 1 1 1 -1 -1 1 1 1 1 1 1 1 -1 1 -1 1 -1 
---0.226200 0.040000 0.112600 
-1 1 1 -1 -1 1 1 1 1 -1 1 1 1 -1 -1 1 -1 1 -1 -1 -1 -1 1 1 1 -1 -1 1 1 -1 1 -1 -1 1 1 -1 1 -1 -1 1 -1 -1 1 1 -1 1 1 -1 1 1 1 1 1 -1 -1 1 1 -1 1 -1 -1 -1 1 -1 -1 -1 -1 1 1 1 1 -1 -1 -1 -1 1 1 1 1 -1 1 1 -1 1 -1 1 1 -1 1 1 -1 1 -1 -1 1 1 -1 -1 1 1 
---0.168000 0.045400 0.076800 
1 -1 1 -1 -1 1 1 -1 1 -1 1 1 1 1 -1 1 -1 1 1 1 -1 1 1 1 1 -1 1 -1 1 1 1 1 1 1 1 1 1 1 -1 1 -1 -1 -1 1 1 1 1 1 -1 1 -1 -1 1 -1 1 -1 1 -1 1 -1 1 1 1 -1 -1 1 1 1 1 -1 1 1 1 1 -1 -1 1 -1 1 1 -1 1 -1 -1 1 1 -1 1 1 1 1 -1 1 -1 -1 1 -1 -1 1 -1 
---0.056800 0.160200 0.056000 
-1 1 1 1 1 -1 -1 -1 -1 -1 -1 1 -1 1 1 -1 1 1 1 -1 1 1 -1 -1 1 -1 1 1 -1 -1 1 1 1 1 1 1 1 1 -1 1 -1 1 -1 1 1 -1 1 -1 -1 1 1 1 1 -1 -1 1 1 1 1 -1 -1 -1 1 -1 1 -1 1 -1 1 -1 1 1 1 -1 1 1 1 -1 1 -1 -1 1 1 1 -1 1 1 -1 -1 1 1 1 -1 1 -1 -1 1 -1 -1 1 
---0.066200 0.230400 0.080600 
1 -1 -1 1 1 -1 1 1 -1 -1 -1 -1 1 -1 1 1 -1 1 -1 -1 -1 1 1 1 1 -1 1 -1 -1 1 -1 1 1 -1 1 1 1 1 -1 -1 1 1 -1 1 1 -1 -1 -1 1 -1 -1 1 -1 -1 -1 -1 1 -1 1 -1 1 -1 1 -1 1 -1 -1 1 -1 1 1 1 -1 1 -1 -1 1 1 1 1 -1 -1 -1 -1 -1 1 1 1 1 1 -1 1 -1 1 -1 1 1 -1 -1 1 
---0.076600 0.210000 0.066600 
-1 -1 1 -1 1 -1 -1 1 1 1 -1 -1 -1 -1 -1 1 1 1 -1 -1 -1 -1 1 -1 1 1 -1 1 1 -1 1 1 -1 -1 1 1 1 -1 -1 -1 1 -1 -1 -1 -1 -1 -1 -1 -1 1 1 1 -1 -1 -1 -1 1 -1 1 1 1 -1 1 -1 1 1 1 1 1 -1 -1 -1 -1 1 -1 1 1 1 1 -1 -1 -1 -1 -1 1 1 1 -1 1 -1 1 -1 1 1 1 1 -1 1 1 -1 
---0.047400 0.205600 0.082600 
-1 -1 1 1 1 -1 1 -1 -1 -1 1 1 -1 -1 1 1 -1 -1 -1 -1 1 -1 1 1 1 1 -1 1 1 1 1 1 -1 -1 -1 -1 -1 1 1 -1 1 1 -1 -1 1 -1 -1 1 1 -1 1 -1 -1 -1 -1 -1 -1 -1 1 1 -1 1 1 -1 1 1 -1 1 -1 -1 1 -1 -1 1 1 -1 -1 -1 1 1 -1 1 -1 -1 -1 -1 1 -1 1 1 1 1 1 1 -1 1 -1 -1 -1 -1 
---0.057200 0.227000 0.078000 
-1 -1 1 -1 1 -1 1 1 1 -1 1 1 1 -1 1 1 -1 -1 -1 -1 1 1 1 1 1 -1 1 1 -1 1 1 1 -1 -1 -1 -1 1 -1 -1 1 -1 1 -1 1 1 -1 -1 -1 -1 1 -1 1 1 -1 -1 -1 1 1 -1 -1 1 -1 1 1 1 1 -1 1 -1 -1 -1 1 1 -1 -1 1 1 1 1 -1 1 -1 -1 1 1 -1 1 -1 1 -1 1 1 -1 1 -1 -1 1 1 -1 1 
---0.034400 0.225400 0.046400 
1 -1 1 -1 -1 -1 1 -1 1 -1 -1 -1 1 -1 1 -1 1 1 1 1 -1 1 -1 -1 1 -1 -1 -1 1 -1 1 1 1 1 1 1 1 1 -1 1 1 1 -1 -1 1 -1 1 -1 1 -1 -1 -1 -1 1 -1 -1 1 1 1 1 -1 -1 1 -1 1 -1 1 1 1 -1 1 -1 1 -1 -1 1 1 -1 1 1 -1 -1 -1 1 -1 -1 1 -1 -1 1 -1 1 1 1 -1 -1 1 -1 1 -1 
---0.050400 0.167400 0.095600 
1 1 -1 -1 1 1 1 1 1 -1 -1 1 -1 -1 1 1 -1 1 -1 1 1 -1 -1 -1 -1 -1 -1 1 1 1 -1 -1 1 1 1 -1 1 1 1 1 -1 -1 1 1 1 1 1 1 -1 1 -1 1 -1 -1 1 -1 1 1 1 -1 -1 1 -1 1 1 -1 1 1 -1 1 -1 -1 1 1 -1 -1 1 1 1 1 -1 -1 -1 1 1 -1 -1 1 1 -1 1 1 1 1 1 1 1 -1 1 -1 
---0.058800 0.215400 0.056800 
-1 -1 1 1 1 -1 -1 1 1 -1 1 1 -1 -1 1 1 1 1 1 1 1 1 1 -1 1 1 1 -1 -1 1 -1 -1 -1 -1 1 -1 -1 1 -1 -1 -1 -1 1 1 1 -1 1 1 1 -1 -1 1 -1 1 -1 -1 1 1 1 -1 -1 1 1 1 1 1 1 1 -1 -1 -1 -1 1 -1 -1 -1 -1 -1 1 1 -1 -1 -1 -1 -1 -1 -1 -1 -1 1 1 -1 -1 1 -1 -1 -1 -1 -1 1 
---0.069200 0.211400 0.057200 
-1 1 1 1 -1 -1 1 1 1 1 1 1 -1 -1 1 -1 -1 1 -1 1 -1 1 -1 -1 -1 1 -1 1 -1 1 -1 1 1 1 -1 1 1 1 1 -1 -1 -1 1 1 1 -1 1 -1 -1 1 1 -1 -1 1 -1 1 -1 1 -1 1 -1 -1 1 1 1 -1 1 1 1 1 -1 -1 1 1 1 1 -1 1 1 1 -1 -1 -1 -1 -1 -1 -1 -1 -1 1 1 1 -1 1 1 -1 1 -1 -1 -1 
---0.056800 0.201000 0.070400 
-1 -1 -1 1 -1 -1 -1 1 1 1 -1 1 -1 -1 -1 1 1 -1 1 1 -1 1 -1 -1 -1 1 -1 1 -1 1 1 -1 1 1 1 -1 1 -1 1 -1 1 1 1 -1 -1 1 1 1 -1 -1 1 -1 -1 1 -1 1 -1 1 -1 1 -1 -1 -1 -1 -1 -1 1 1 -1 1 -1 -1 -1 -1 -1 1 1 1 1 -1 -1 1 1 1 -1 -1 -1 1 -1 1 1 -1 1 1 1 1 -1 -1 -1 -1 
---0.032600 0.214000 0.095800 
-1 1 1 1 1 -1 1 -1 -1 -1 -1 1 1 -1 -1 1 -1 -1 -1 -1 1 -1 1 1 -1 1 -1 -1 -1 1 1 1 1 1 1 -1 -1 1 -1 -1 -1 -1 -1 -1 1 1 1 1 1 1 -1 -1 -1 -1 1 1 1 -1 1 -1 1 1 -1 -1 1 -1 1 1 -1 -1 1 1 1 1 -1 -1 1 -1 1 1 -1 1 1 -1 1 -1 -1 -1 1 1 1 -1 1 1 1 -1 -1 1 1 1 
---0.057400 0.191200 0.071800 
-1 -1 -1 1 -1 -1 -1 -1 1 1 -1 1 -1 1 -1 1 -1 -1 -1 -1 -1 -1 1 -1 1 1 1 -1 -1 1 -1 1 -1 -1 1 1 1 1 -1 1 1 1 -1 1 1 -1 1 -1 1 -1 1 1 1 1 1 -1 -1 1 -1 1 -1 -1 1 -1 1 -1 1 1 1 1 1 -1 1 -1 -1 -1 -1 -1 1 -1 1 -1 1 1 -1 -1 1 -1 -1 1 1 1 -1 1 -1 -1 1 -1 -1 -1 
---0.113600 0.176600 0.058400 
1 -1 -1 -1 1 1 1 1 1 -1 -1 1 -1 -1 -1 -1 1 -1 1 1 1 -1 1 1 1 1 -1 -1 -1 1 1 1 1 1 1 1 1 1 -1 -1 -1 1 -1 -1 1 1 1 -1 1 1 1 1 1 -1 -1 1 -1 -1 -1 1 -1 -1 -1 1 1 1 1 1 -1 1 1 1 1 -1 1 -1 1 1 1 -1 -1 1 1 1 1 -1 -1 -1 1 1 1 1 -1 1 -1 -1 1 -1 -1 1 
---0.070200 0.181600 0.084600 
1 1 -1 -1 1 -1 -1 1 -1 -1 -1 1 -1 -1 -1 1 1 1 -1 -1 -1 -1 1 1 -1 -1 1 -1 1 -1 -1 1 -1 -1 1 -1 -1 -1 -1 -1 1 -1 1 -1 -1 1 -1 -1 1 -1 -1 1 -1 -1 -1 -1 1 1 1 -1 1 1 -1 1 1 -1 1 1 -1 -1 1 1 1 -1 -1 -1 -1 1 1 -1 -1 -1 -1 -1 -1 1 1 -1 -1 -1 1 -1 -1 1 1 1 1 -1 -1 -1 
---0.096800 0.180600 0.062800 
-1 1 -1 1 1 -1 -1 1 -1 -1 -1 -1 1 -1 -1 1 1 -1 -1 -1 1 1 -1 1 -1 1 1 1 -1 -1 1 1 -1 1 1 -1 -1 -1 -1 -1 1 -1 1 1 -1 1 -1 -1 1 1 1 1 1 -1 -1 -1 1 1 -1 1 -1 -1 1 1 -1 1 1 1 -1 -1 1 -1 -1 -1 1 -1 1 1 1 -1 1 1 1 -1 1 -1 -1 1 1 1 -1 1 1 1 1 -1 -1 -1 1 -1 
---0.087200 0.188200 0.068800 
-1 -1 1 1 1 1 1 1 1 1 -1 -1 1 -1 -1 1 -1 -1 -1 1 1 1 1 -1 -1 1 -1 1 1 1 1 1 -1 1 -1 1 1 1 -1 1 -1 1 -1 1 1 -1 1 -1 1 -1 -1 1 1 -1 1 1 -1 1 -1 1 -1 -1 1 1 1 -1 1 1 -1 -1 1 -1 -1 -1 -1 1 -1 -1 1 -1 -1 -1 -1 1 -1 -1 1 -1 -1 1 1 -1 -1 1 1 -1 1 -1 -1 1 
---0.056200 0.167600 0.072600 
-1 -1 1 1 -1 1 -1 1 1 -1 -1 -1 1 1 -1 -1 1 1 1 -1 -1 -1 1 -1 -1 1 1 -1 -1 1 -1 -1 -1 -1 -1 1 -1 1 1 1 -1 1 -1 -1 1 1 1 1 -1 1 1 1 1 -1 1 1 -1 1 -1 1 -1 -1 1 1 1 1 1 -1 -1 1 -1 -1 1 -1 -1 -1 1 1 1 1 -1 1 -1 -1 -1 1 -1 -1 1 1 1 -1 1 1 1 1 1 -1 1 1 
---0.053400 0.166000 0.051400 
1 1 -1 -1 -1 -1 1 1 1 -1 1 1 -1 1 1 1 1 -1 1 1 -1 1 1 -1 -1 1 1 1 1 -1 1 -1 -1 -1 1 -1 -1 1 1 1 1 1 -1 -1 -1 1 1 1 1 -1 -1 1 -1 1 -1 -1 -1 1 -1 -1 1 -1 -1 1 1 -1 1 1 -1 1 -1 -1 -1 1 -1 -1 1 1 1 1 -1 1 -1 -1 -1 -1 1 1 -1 1 1 1 1 1 -1 1 -1 -1 -1 -1 
---0.100800 0.191000 0.046400 
1 1 1 1 1 -1 1 1 -1 -1 -1 -1 -1 -1 -1 1 -1 -1 1 -1 1 -1 -1 -1 -1 1 1 1 -1 -1 1 -1 1 -1 1 1 -1 1 -1 -1 1 1 -1 -1 -1 1 1 -1 1 1 1 -1 -1 1 -1 -1 1 -1 1 1 -1 -1 -1 1 1 1 -1 -1 -1 -1 1 -1 -1 -1 1 1 1 1 1 1 1 -1 -1 1 1 -1 1 -1 1 1 -1 -1 1 1 1 1 -1 -1 -1 1 
---0.057800 0.224400 0.111000 
-1 -1 -1 1 1 -1 -1 1 -1 -1 1 -1 -1 -1 -1 1 -1 -1 -1 1 -1 1 1 -1 -1 1 -1 1 -1 1 1 1 -1 1 -1 1 1 -1 1 -1 1 1 -1 -1 1 -1 -1 -1 1 1 1 1 -1 -1 -1 1 1 1 1 -1 1 -1 -1 -1 -1 -1 1 1 1 -1 1 -1 1 -1 1 -1 1 -1 -1 1 -1 1 -1 1 -1 1 1 -1 -1 1 1 -1 -1 1 1 1 1 -1 1 -1 
---0.050000 0.239400 0.108000 
1 -1 -1 1 1 -1 1 1 -1 -1 -1 1 1 1 -1 -1 1 1 1 1 1 -1 1 1 1 1 1 1 -1 -1 1 -1 -1 -1 1 1 -1 -1 1 1 1 1 1 1 1 1 -1 1 1 -1 1 -1 -1 1 1 -1 1 1 -1 1 -1 -1 1 1 1 1 1 1 1 -1 -1 -1 1 -1 -1 1 1 -1 1 -1 1 1 1 1 -1 1 1 1 1 1 1 1 1 1 -1 1 -1 -1 1 1 
---0.069600 0.229000 0.077600 
-1 1 -1 -1 1 -1 1 -1 -1 -1 -1 1 1 1 1 1 -1 1 -1 1 -1 1 1 1 -1 1 1 1 1 1 1 1 1 1 1 -1 1 -1 -1 1 -1 1 1 1 -1 -1 -1 -1 1 -1 1 1 1 1 -1 -1 -1 1 1 1 1 -1 1 1 -1 -1 -1 1 1 -1 1 -1 1 1 -1 -1 1 1 1 -1 1 -1 1 -1 1 1 -1 1 -1 1 -1 -1 -1 1 1 -1 -1 -1 -1 1 
---0.010400 0.132200 0.052000 
-1 1 -1 1 -1 -1 -1 1 1 -1 -1 -1 1 1 -1 1 1 -1 1 1 -1 1 1 1 -1 1 1 1 -1 -1 -1 -1 1 1 1 1 -1 1 -1 -1 1 -1 -1 1 1 -1 1 -1 1 1 1 1 -1 1 -1 -1 1 1 -1 -1 1 -1 1 1 1 -1 1 1 -1 1 -1 -1 1 -1 -1 1 1 1 1 1 -1 1 -1 1 1 -1 -1 1 1 -1 1 1 1 1 -1 1 -1 -1 -1 1 
---0.041800 0.186000 0.055800 
-1 1 -1 -1 1 -1 -1 -1 1 -1 -1 1 1 1 1 1 -1 1 1 1 1 -1 1 -1 1 1 -1 1 1 -1 1 1 1 -1 1 -1 1 -1 -1 1 -1 -1 -1 -1 1 1 1 1 1 1 1 -1 1 1 -1 1 -1 1 1 1 -1 -1 1 -1 -1 -1 1 -1 1 -1 1 1 1 1 1 -1 -1 -1 1 1 -1 -1 -1 -1 -1 -1 1 -1 1 -1 1 -1 -1 1 1 -1 1 -1 1 1 
---0.041800 0.258000 0.096200 
1 1 -1 -1 -1 1 1 -1 -1 -1 -1 1 -1 -1 1 1 1 1 1 1 1 -1 1 -1 -1 1 -1 1 1 1 1 1 1 -1 1 1 -1 -1 -1 1 1 -1 1 1 1 1 -1 -1 -1 1 -1 1 1 -1 -1 -1 1 1 -1 -1 -1 1 1 1 1 1 1 -1 -1 -1 1 -1 1 -1 1 -1 -1 -1 1 -1 1 -1 -1 1 -1 1 -1 -1 -1 1 -1 1 -1 1 1 1 -1 -1 -1 -1 
---0.047600 0.180600 0.112400 
-1 -1 -1 -1 -1 -1 1 -1 1 -1 -1 1 -1 1 -1 1 1 1 1 -1 1 1 -1 -1 -1 1 1 1 1 1 1 1 1 -1 1 -1 1 -1 1 1 -1 1 1 -1 1 1 -1 -1 1 1 -1 -1 1 -1 1 -1 -1 1 -1 -1 -1 -1 -1 1 1 -1 -1 -1 -1 -1 -1 1 -1 1 -1 -1 1 1 -1 1 -1 1 -1 1 1 1 -1 -1 -1 -1 1 -1 -1 1 1 -1 1 1 -1 -1 
---0.020000 0.229000 0.020000 
-1 -1 -1 1 -1 -1 -1 -1 1 -1 1 1 -1 -1 1 1 1 1 -1 -1 1 1 1 -1 1 1 1 1 -1 1 1 1 1 1 1 1 1 1 1 -1 -1 1 1 1 -1 -1 1 -1 1 1 1 -1 -1 -1 -1 -1 1 1 -1 1 -1 1 1 -1 -1 -1 1 1 1 -1 1 1 1 1 1 1 -1 1 1 1 1 1 -1 -1 -1 -1 1 1 -1 1 -1 -1 1 1 1 1 -1 -1 1 -1 
---0.033400 0.230800 0.094600 
-1 1 -1 -1 1 -1 -1 -1 1 -1 1 1 1 -1 -1 -1 1 1 1 1 1 1 -1 1 1 -1 -1 -1 -1 1 1 1 1 1 -1 1 -1 -1 1 1 1 1 -1 1 1 -1 -1 1 1 -1 1 1 1 1 -1 -1 -1 1 -1 1 -1 1 -1 1 1 -1 -1 1 1 -1 -1 1 -1 -1 -1 1 1 1 1 1 -1 -1 1 1 -1 -1 1 1 1 -1 1 1 1 1 -1 1 -1 1 1 1 
---0.041600 0.194200 0.049200 
-1 -1 1 1 1 1 -1 1 1 1 -1 1 -1 -1 1 1 1 1 1 1 1 1 -1 1 1 1 -1 1 -1 1 1 1 -1 1 1 1 -1 1 -1 -1 -1 -1 -1 1 1 -1 -1 -1 1 -1 -1 1 -1 -1 -1 -1 -1 1 1 1 -1 -1 1 1 1 1 1 1 -1 -1 1 -1 -1 -1 -1 1 1 1 1 1 1 1 1 1 -1 1 1 -1 1 -1 -1 -1 -1 1 1 1 -1 -1 -1 -1 
---0.052000 0.183000 0.104400 
1 1 -1 -1 1 -1 1 -1 -1 -1 -1 -1 1 -1 -1 1 -1 -1 -1 -1 -1 1 -1 1 -1 1 1 1 -1 -1 -1 -1 -1 -1 -1 1 1 1 1 -1 1 -1 1 1 1 -1 -1 -1 1 1 -1 -1 -1 -1 1 1 1 -1 -1 -1 -1 -1 -1 -1 1 1 1 -1 -1 -1 1 -1 1 -1 1 1 1 -1 1 1 1 1 1 -1 -1 -1 1 -1 -1 1 1 -1 -1 1 1 -1 1 -1 -1 -1 
---0.071600 0.056600 0.216400 
-1 1 1 1 1 -1 -1 -1 1 -1 1 -1 1 -1 -1 1 -1 -1 -1 1 1 1 1 -1 1 1 -1 1 1 1 1 -1 -1 1 1 -1 -1 -1 1 1 -1 -1 1 -1 -1 -1 -1 1 -1 -1 -1 -1 1 1 -1 -1 1 1 1 1 -1 1 1 1 -1 -1 1 -1 -1 1 -1 1 1 -1 -1 1 1 1 1 -1 1 -1 -1 -1 1 1 1 1 1 -1 -1 1 -1 1 1 1 -1 -1 1 -1 
---0.069000 0.098000 0.167800 
1 1 1 1 -1 -1 1 1 1 -1 -1 1 -1 1 -1 -1 1 -1 -1 1 1 -1 1 1 -1 1 1 1 -1 -1 1 -1 1 1 1 1 -1 -1 1 -1 1 -1 -1 1 1 1 1 1 -1 1 1 -1 1 1 -1 -1 -1 1 1 -1 -1 -1 1 -1 -1 1 1 -1 -1 1 -1 -1 -1 -1 -1 -1 -1 1 -1 -1 1 1 -1 -1 1 1 1 1 -1 -1 -1 -1 1 1 -1 -1 1 -1 1 1 
---0.088000 0.105400 0.168000 
1 -1 1 1 -1 -1 -1 1 1 -1 -1 1 -1 1 -1 -1 1 1 1 -1 -1 1 -1 -1 -1 1 -1 -1 -1 1 1 -1 -1 1 -1 -1 -1 -1 -1 1 1 1 1 -1 -1 -1 -1 -1 -1 1 1 -1 1 -1 -1 -1 1 1 1 -1 1 -1 -1 -1 -1 -1 1 -1 1 1 1 -1 1 1 1 1 1 1 1 -1 1 1 -1 -1 1 1 -1 -1 1 1 -1 1 -1 1 -1 -1 -1 -1 -1 -1 
---0.067800 0.049200 0.209400 
-1 -1 1 1 1 -1 1 1 -1 1 -1 1 -1 -1 1 1 1 -1 1 -1 -1 -1 -1 1 -1 1 1 1 1 1 1 -1 -1 1 -1 1 1 1 -1 1 -1 1 -1 1 1 1 1 1 -1 1 -1 1 -1 -1 -1 1 1 -1 1 -1 -1 1 -1 1 -1 1 1 1 1 1 -1 -1 1 1 -1 -1 -1 -1 1 1 -1 1 1 -1 -1 1 1 1 1 -1 1 1 -1 -1 1 1 -1 -1 -1 -1 
---0.065400 0.090400 0.189800 
-1 -1 -1 -1 -1 -1 1 -1 -1 -1 1 1 1 1 -1 -1 -1 1 -1 -1 -1 -1 1 1 -1 1 -1 1 1 1 -1 -1 1 -1 -1 1 -1 -1 1 -1 1 -1 -1 1 -1 1 -1 1 -1 -1 1 -1 -1 -1 -1 -1 1 -1 1 -1 -1 1 -1 -1 -1 -1 -1 -1 -1 1 -1 -1 -1 -1 -1 1 1 1 1 1 1 1 -1 -1 1 1 -1 1 1 1 -1 1 1 1 -1 1 -1 -1 -1 -1 
---0.061000 0.052000 0.201000 
1 -1 1 1 -1 -1 1 -1 1 -1 1 -1 1 -1 -1 -1 1 1 -1 -1 -1 1 -1 -1 -1 1 -1 1 1 1 1 1 -1 -1 1 1 -1 1 -1 -1 -1 -1 1 -1 -1 1 1 1 1 -1 -1 -1 1 -1 -1 1 1 -1 -1 1 -1 1 1 1 -1 1 1 1 1 1 1 1 1 1 1 -1 1 1 -1 1 -1 1 -1 -1 1 -1 -1 1 1 -1 1 -1 1 1 1 -1 1 1 -1 1 
---0.057200 0.118600 0.202800 
1 -1 -1 1 1 1 1 1 -1 -1 -1 1 1 -1 -1 1 -1 1 -1 -1 -1 -1 1 1 -1 -1 -1 -1 -1 1 1 -1 -1 1 1 1 -1 -1 1 1 1 1 -1 1 -1 1 -1 1 1 -1 -1 1 -1 -1 -1 1 -1 1 1 -1 1 -1 -1 1 1 -1 1 -1 -1 -1 1 1 1 -1 -1 -1 1 1 1 1 1 1 1 -1 -1 1 1 -1 1 -1 1 1 -1 1 1 -1 1 -1 1 1 
---0.128800 0.049400 0.199600 
1 -1 1 1 1 -1 1 -1 -1 1 -1 -1 1 -1 -1 1 1 -1 -1 -1 1 1 1 1 1 1 -1 1 -1 1 -1 -1 1 -1 1 -1 -1 -1 -1 1 -1 1 -1 1 1 -1 -1 1 1 -1 1 -1 -1 -1 -1 -1 1 -1 1 -1 -1 -1 1 1 1 1 1 1 1 1 -1 1 1 -1 -1 1 1 -1 1 -1 1 -1 -1 -1 -1 1 1 1 -1 -1 1 1 -1 1 1 -1 1 -1 1 1 
---0.102200 0.082000 0.249000 
-1 1 -1 1 -1 -1 1 1 1 -1 -1 -1 -1 -1 1 -1 1 -1 1 1 -1 -1 -1 -1 1 1 -1 1 1 -1 1 -1 1 -1 1 1 1 1 -1 1 -1 -1 1 1 1 1 -1 -1 1 -1 1 1 -1 -1 -1 -1 1 1 -1 -1 1 1 1 1 -1 -1 1 1 -1 -1 -1 1 1 -1 -1 1 -1 1 1 -1 1 1 -1 -1 1 1 -1 1 1 -1 1 1 1 1 1 1 1 -1 1 1 
---0.047600 0.056200 0.199600 
-1 -1 -1 -1 1 -1 -1 1 1 1 -1 1 -1 -1 -1 1 1 1 -1 -1 1 -1 1 -1 1 1 1 -1 1 1 -1 -1 -1 1 1 1 1 -1 1 1 1 1 1 1 1 1 1 1 1 -1 1 1 -1 1 1 1 1 1 1 -1 -1 1 -1 -1 -1 1 1 1 -1 -1 1 -1 1 1 1 -1 1 -1 -1 1 -1 1 -1 1 -1 1 1 -1 -1 1 1 1 1 1 -1 -1 1 1 1 1 
---0.074000 0.069400 0.217200 
1 -1 -1 1 -1 1 -1 1 -1 1 1 1 -1 1 -1 1 1 -1 -1 -1 -1 -1 -1 -1 1 1 -1 1 -1 -1 1 1 -1 -1 1 1 -1 1 1 -1 -1 1 1 1 1 1 1 1 1 1 1 1 1 1 -1 -1 1 1 1 -1 -1 1 1 -1 1 -1 1 -1 1 -1 1 -1 1 1 1 -1 1 -1 1 1 -1 -1 1 1 -1 1 -1 1 -1 1 1 -1 -1 1 -1 -1 1 -1 1 -1 
---0.066400 0.075400 0.220000 
-1 1 -1 -1 1 -1 -1 1 -1 -1 1 1 1 1 -1 -1 1 -1 1 1 -1 -1 1 -1 -1 -1 -1 -1 -1 -1 1 1 -1 1 1 -1 1 1 1 -1 1 1 -1 1 -1 1 1 -1 1 -1 1 1 1 -1 -1 1 1 1 1 1 1 1 -1 1 -1 1 1 1 1 -1 -1 1 1 1 -1 -1 1 -1 1 1 -1 1 -1 -1 1 1 1 1 1 1 1 1 -1 1 -1 1 -1 -1 -1 1 
---0.082000 0.047400 0.215600 
1 1 -1 1 1 -1 1 1 -1 -1 1 -1 -1 -1 -1 1 -1 1 -1 -1 1 -1 1 1 1 -1 -1 1 -1 1 1 -1 1 1 1 1 1 -1 1 1 -1 -1 -1 1 1 1 -1 1 1 -1 1 -1 1 -1 -1 -1 1 1 1 -1 -1 -1 -1 1 -1 -1 1 -1 -1 1 -1 1 -1 1 1 1 1 -1 1 -1 -1 1 1 -1 1 1 -1 1 1 -1 1 1 -1 -1 1 -1 1 -1 1 1 
---0.030200 0.136000 0.195000 
-1 1 1 -1 1 -1 1 1 -1 -1 -1 -1 -1 1 -1 1 -1 1 -1 -1 -1 -1 -1 1 -1 -1 -1 1 -1 1 1 -1 1 1 -1 -1 -1 1 1 1 -1 1 -1 1 -1 1 1 1 1 -1 -1 1 -1 -1 -1 -1 1 -1 -1 1 -1 -1 -1 1 -1 -1 1 -1 -1 1 -1 1 -1 -1 -1 1 1 1 1 -1 1 1 -1 1 1 1 1 1 1 -1 1 1 -1 1 1 1 -1 -1 1 1 
---0.052600 0.064000 0.217800 
-1 -1 -1 -1 1 -1 1 1 1 -1 -1 1 1 1 -1 1 1 1 1 1 1 -1 -1 1 1 -1 -1 1 -1 -1 1 -1 1 1 1 1 1 1 -1 -1 -1 -1 -1 1 -1 1 1 -1 1 -1 -1 1 -1 -1 -1 1 1 1 -1 1 1 -1 -1 1 -1 -1 1 -1 -1 -1 1 -1 1 -1 -1 -1 1 1 1 1 -1 1 1 -1 1 1 -1 -1 -1 -1 1 1 1 1 -1 -1 1 -1 1 1 
---0.069400 0.042000 0.215000 
1 1 1 1 1 1 -1 -1 1 -1 -1 -1 1 1 -1 -1 1 -1 -1 1 -1 1 1 -1 1 -1 -1 1 1 1 1 -1 -1 1 -1 1 1 1 1 -1 -1 -1 1 1 -1 -1 -1 1 -1 1 1 -1 1 -1 -1 1 1 -1 1 1 -1 1 1 1 1 1 -1 1 -1 -1 1 -1 1 -1 -1 1 1 -1 1 -1 1 -1 -1 1 -1 1 -1 -1 1 -1 1 1 -1 -1 -1 -1 -1 -1 -1 -1 
---0.083200 0.055400 0.174800 
-1 1 1 1 -1 1 1 1 1 1 -1 -1 -1 -1 -1 1 -1 -1 -1 1 -1 -1 1 1 -1 -1 1 1 1 1 -1 -1 1 -1 1 1 -1 1 -1 1 1 1 -1 1 -1 1 1 -1 1 1 -1 -1 1 1 -1 1 1 -1 1 1 1 -1 -1 -1 -1 -1 1 1 -1 1 1 1 -1 -1 -1 -1 1 1 1 1 -1 1 -1 -1 1 -1 1 1 -1 -1 1 1 -1 1 -1 1 -1 -1 -1 1 
---0.089800 0.063200 0.164600 
1 -1 1 -1 1 -1 1 1 -1 -1 1 -1 1 -1 -1 -1 1 1 1 -1 1 -1 -1 -1 1 1 1 1 -1 1 -1 1 -1 -1 1 -1 1 1 1 1 -1 -1 1 1 1 1 -1 1 1 1 1 1 1 -1 -1 1 1 1 -1 -1 -1 -1 -1 1 -1 -1 -1 -1 -1 -1 1 -1 1 1 -1 1 1 -1 1 -1 1 -1 1 -1 -1 1 -1 1 1 1 -1 1 -1 1 -1 1 1 -1 1 -1 
---0.065600 0.096200 0.255200 
-1 -1 1 1 -1 -1 1 1 1 -1 -1 1 -1 1 -1 1 1 -1 1 -1 -1 -1 -1 1 1 1 -1 1 -1 -1 1 -1 1 -1 -1 -1 -1 -1 -1 1 1 1 -1 1 1 1 1 1 -1 1 1 -1 1 -1 -1 -1 1 -1 1 1 1 1 1 -1 -1 1 1 1 -1 -1 -1 1 -1 -1 -1 1 -1 -1 -1 -1 1 1 -1 1 1 1 -1 -1 1 -1 1 1 -1 1 -1 1 -1 -1 -1 -1 
---0.096000 0.056200 0.243600 
1 -1 1 1 -1 1 -1 -1 1 -1 -1 -1 1 -1 -1 -1 1 -1 1 1 -1 -1 1 -1 1 -1 -1 1 -1 1 -1 -1 -1 1 1 1 -1 -1 -1 1 1 -1 -1 1 1 1 -1 -1 1 -1 1 -1 1 -1 1 -1 1 -1 1 1 -1 1 -1 1 -1 1 1 1 1 1 1 1 1 -1 -1 -1 1 1 1 1 1 1 -1 -1 -1 1 1 1 -1 -1 -1 1 -1 -1 -1 -1 -1 1 -1 1 
---0.091000 0.046400 0.208200 
1 1 -1 1 -1 -1 1 -1 -1 -1 -1 -1 -1 -1 -1 -1 1 1 1 1 1 -1 1 1 1 1 -1 1 1 -1 -1 1 -1 -1 -1 1 -1 -1 1 1 1 -1 -1 -1 1 1 1 1 1 1 -1 -1 1 -1 -1 -1 1 -1 1 -1 1 1 1 1 -1 1 1 -1 1 -1 1 -1 -1 1 1 -1 1 1 1 1 1 1 -1 -1 1 1 -1 1 -1 1 1 -1 -1 1 1 1 1 1 1 1 
---0.078400 0.072200 0.186800 
1 1 1 -1 1 -1 -1 1 -1 -1 1 1 -1 -1 -1 -1 -1 -1 1 1 -1 -1 1 1 -1 1 1 1 -1 -1 1 -1 -1 -1 1 1 1 -1 -1 1 1 1 -1 1 1 1 1 -1 1 -1 1 1 -1 1 1 -1 1 -1 1 -1 1 1 -1 1 1 -1 1 1 -1 1 1 1 1 -1 1 -1 -1 1 1 1 -1 -1 -1 -1 -1 1 1 1 1 1 1 1 -1 1 -1 -1 -1 -1 -1 1 
---0.109200 0.088200 0.212000 
-1 1 -1 1 1 -1 1 1 -1 -1 -1 1 -1 1 -1 1 1 -1 -1 1 -1 -1 1 -1 1 1 -1 1 -1 1 -1 -1 -1 1 1 1 -1 1 1 -1 -1 1 -1 1 1 -1 -1 -1 1 1 -1 1 -1 1 1 -1 1 1 1 -1 -1 1 1 -1 1 -1 -1 -1 1 1 1 -1 1 -1 1 -1 -1 1 1 1 -1 -1 -1 -1 1 1 1 1 -1 1 1 -1 -1 1 -1 1 -1 -1 1 1 
---0.048200 0.097600 0.226200 
1 1 1 1 -1 -1 -1 1 1 1 1 1 -1 -1 -1 -1 1 -1 1 -1 1 -1 -1 1 -1 1 1 -1 -1 1 1 -1 -1 -1 -1 1 1 1 1 1 -1 1 1 -1 -1 1 -1 1 -1 -1 1 -1 -1 1 -1 1 1 -1 1 -1 1 1 1 1 -1 1 1 1 1 -1 -1 -1 -1 -1 1 1 1 1 1 -1 -1 1 -1 -1 1 1 1 1 -1 -1 1 1 1 1 -1 1 -1 1 -1 1 
---0.062600 0.062000 0.185000 
1 -1 -1 -1 1 -1 1 -1 -1 -1 1 1 -1 -1 1 1 -1 -1 1 -1 -1 1 1 -1 1 1 1 1 -1 -1 1 1 1 1 -1 -1 1 -1 1 1 1 1 1 -1 1 -1 1 1 1 1 -1 -1 1 -1 -1 1 1 1 -1 -1 1 1 -1 1 1 1 1 1 1 1 -1 -1 1 1 -1 1 -1 1 1 1 -1 1 -1 1 1 1 1 1 1 -1 1 1 1 -1 1 -1 1 -1 1 1 
---0.048800 0.109800 0.220800 
1 -1 -1 -1 -1 -1 1 1 1 -1 1 1 -1 1 -1 1 -1 1 -1 1 1 1 -1 1 1 -1 -1 -1 -1 -1 1 -1 -1 1 1 1 -1 -1 1 1 1 -1 -1 1 1 1 -1 1 -1 -1 -1 1 -1 -1 1 1 1 -1 1 -1 1 1 -1 1 -1 -1 1 1 -1 -1 -1 -1 1 -1 1 1 1 1 1 1 1 1 -1 -1 1 1 1 1 1 -1 -1 1 -1 1 -1 1 1 -1 1 1 
---0.123200 0.086200 0.208400 
-1 -1 -1 1 -1 -1 -1 -1 1 1 -1 1 -1 -1 -1 1 -1 1 1 1 1 -1 1 -1 -1 -1 1 1 1 -1 1 1 1 1 1 1 1 -1 -1 1 -1 -1 1 -1 -1 1 1 -1 -1 1 1 -1 -1 1 1 -1 1 -1 1 -1 1 -1 -1 1 -1 -1 1 -1 1 1 -1 1 1 -1 1 -1 -1 1 1 -1 1 1 1 -1 1 1 1 -1 1 1 -1 1 1 -1 1 1 -1 1 1 -1 
---0.102600 0.039200 0.215400 
-1 -1 -1 1 1 -1 -1 1 1 -1 -1 -1 1 -1 -1 -1 -1 1 1 1 1 1 1 -1 1 -1 -1 1 -1 1 -1 1 -1 1 -1 -1 1 -1 1 1 -1 1 1 1 -1 1 1 1 -1 -1 -1 1 -1 1 -1 1 1 1 -1 -1 1 1 -1 1 -1 -1 1 -1 -1 -1 -1 -1 1 1 -1 -1 1 1 1 1 1 1 -1 -1 1 1 1 -1 1 1 -1 -1 1 -1 -1 -1 1 -1 1 -1 
---0.087600 0.051800 0.165600 
1 1 1 1 -1 -1 1 1 1 1 -1 -1 -1 1 -1 1 1 1 -1 -1 1 -1 -1 1 1 1 -1 -1 1 1 -1 -1 1 1 1 1 -1 -1 1 1 -1 -1 -1 -1 1 1 1 -1 1 -1 -1 1 -1 1 -1 -1 -1 1 1 -1 -1 1 1 -1 -1 -1 1 1 -1 1 -1 -1 -1 -1 1 1 1 1 1 1 1 1 -1 -1 -1 1 1 1 1 -1 -1 1 1 -1 1 1 -1 -1 1 -1 
---0.054600 0.064000 0.201000 
-1 1 -1 -1 1 -1 -1 1 -1 1 -1 1 -1 -1 -1 -1 1 -1 -1 1 1 -1 1 -1 1 1 -1 1 -1 -1 -1 -1 1 1 -1 1 1 1 1 1 1 1 1 1 1 -1 1 1 1 -1 -1 1 1 1 -1 1 1 -1 -1 -1 1 1 1 1 -1 1 1 -1 1 -1 -1 1 1 -1 1 -1 -1 1 1 1 1 1 -1 -1 1 -1 -1 -1 1 -1 -1 -1 -1 1 1 1 1 -1 1 1 
---profiles 0,Label 0
profiles 1,Label 0
profiles 2,Label 0
profiles 3,Label 0
profiles 4,Label 0
profiles 5,Label 0
profiles 6,Label 0
profiles 7,Label 0
profiles 8,Label 0
profiles 9,Label 0
profiles 10,Label 0
profiles 11,Label 0
profiles 12,Label 0
profiles 13,Label 0
profiles 14,Label 0
profiles 15,Label 0
profiles 16,Label 0
profiles 17,Label 0
profiles 18,Label 0
profiles 19,Label 0
profiles 20,Label 0
profiles 21,Label 0
profiles 22,Label 0
profiles 23,Label 0
profiles 24,Label 0
profiles 25,Label 0
profiles 26,Label 0
profiles 27,Label 0
profiles 28,Label 0
profiles 29,Label 0
profiles 30,Label 1
profiles 31,Label 1
profiles 32,Label 1
profiles 33,Label 1
profiles 34,Label 1
profiles 35,Label 1
profiles 36,Label 1
profiles 37,Label 1
profiles 38,Label 1
profiles 39,Label 1
profiles 40,Label 1
profiles 41,Label 1
profiles 42,Label 1
profiles 43,Label 1
profiles 44,Label 1
profiles 45,Label 1
profiles 46,Label 1
profiles 47,Label 1
profiles 48,Label 1
profiles 49,Label 1
profiles 50,Label 1
profiles 51,Label 1
profiles 52,Label 1
profiles 53,Label 1
profiles 54,Label 1
profiles 55,Label 1
profiles 56,Label 1
profiles 57,Label 1
profiles 58,Label 1
profiles 59,Label 1
profiles 60,Label 2
profiles 61,Label 2
profiles 62,Label 2
profiles 63,Label 2
profiles 64,Label 2
profiles 65,Label 2
profiles 66,Label 2
profiles 67,Label 2
profiles 68,Label 2
profiles 69,Label 2
profiles 70,Label 2
profiles 71,Label 2
profiles 72,Label 2
profiles 73,Label 2
profiles 74,Label 2
profiles 75,Label 2
profiles 76,Label 2
profiles 77,Label 2
profiles 78,Label 2
profiles 79,Label 2
profiles 80,Label 2
profiles 81,Label 2
profiles 82,Label 2
profiles 83,Label 2
profiles 84,Label 2
profiles 85,Label 2
profiles 86,Label 2
profiles 87,Label 2
profiles 88,Label 2
profiles 89,Label 2
hit-90
miss-0
