das
0.485200 0.474000 0.535400 0.513600 0.480400 0.493600 0.506600 0.527200 0.394200 0.654800 
-1 -1 -1 1 -1 -1 1 -1 1 -1 1 -1 -1 1 -1 -1 -1 -1 1 -1 1 1 -1 1 1 1 1 1 -1 -1 -1 1 1 1 -1 1 -1 1 -1 -1 1 -1 1 -1 -1 -1 -1 1 1 1 -1 1 -1 -1 -1 1 1 -1 -1 -1 1 1 -1 -1 -1 1 1 -1 1 1 -1 -1 1 -1 -1 1 -1 1 -1 -1 1 1 -1 -1 -1 1 1 -1 -1 -1 -1 1 1 1 -1 -1 -1 1 1 -1 
---0.414600 0.628600 0.504000 0.608600 0.595400 0.649800 0.548000 0.617400 0.426000 0.692200 
-1 1 -1 1 -1 -1 1 1 1 -1 1 -1 -1 1 -1 -1 1 -1 1 -1 1 1 1 1 1 1 1 1 -1 -1 -1 1 1 -1 -1 1 -1 1 1 -1 1 -1 1 -1 -1 -1 -1 1 1 1 -1 1 -1 1 1 1 1 -1 -1 -1 -1 -1 -1 -1 -1 1 1 -1 1 1 -1 -1 1 -1 -1 1 -1 1 -1 1 -1 1 1 -1 -1 1 1 -1 -1 -1 -1 1 1 1 -1 -1 -1 1 1 -1 
---0.439800 0.362600 0.516800 0.500200 0.507000 0.565400 0.410800 0.572600 0.396000 0.604200 
-1 -1 -1 1 -1 -1 1 -1 1 -1 1 -1 -1 1 -1 -1 -1 -1 1 -1 1 1 -1 1 1 1 -1 1 -1 -1 -1 1 1 -1 -1 1 -1 1 -1 -1 -1 -1 -1 1 -1 -1 -1 1 1 1 -1 1 -1 -1 -1 -1 -1 1 -1 1 1 1 -1 -1 -1 1 1 -1 1 1 -1 -1 1 -1 -1 1 -1 -1 -1 1 1 1 1 -1 -1 1 1 -1 1 1 -1 -1 -1 1 1 -1 -1 1 1 -1 
----38
0---------------------------
0.446600 0.464200 0.550800 0.611800 0.573000 0.607400 0.518000 0.623400 0.409200 0.672600 
-1 1 -1 1 -1 -1 1 1 1 -1 -1 -1 -1 1 -1 -1 -1 -1 1 -1 1 1 -1 1 1 1 1 1 -1 -1 -1 1 1 -1 -1 1 -1 1 -1 -1 1 -1 1 -1 -1 -1 -1 1 1 1 -1 1 -1 -1 -1 1 -1 -1 -1 -1 1 -1 -1 -1 -1 1 1 -1 1 1 -1 -1 1 -1 -1 1 -1 -1 -1 -1 -1 1 1 -1 -1 1 1 -1 1 -1 -1 1 -1 1 1 -1 -1 1 1 -1 
---0.393000 0.178600 0.419600 0.421400 0.331800 0.456200 0.208000 0.475800 0.298400 0.427400 
1 -1 -1 1 -1 -1 1 -1 -1 -1 -1 -1 -1 -1 -1 -1 -1 -1 1 -1 1 1 -1 1 -1 1 -1 -1 -1 -1 -1 -1 1 -1 -1 -1 -1 1 -1 -1 -1 -1 -1 1 -1 -1 -1 1 -1 1 1 -1 1 -1 -1 1 -1 1 -1 1 1 1 -1 1 -1 1 1 -1 1 1 -1 -1 1 -1 -1 -1 -1 -1 1 1 1 1 -1 -1 -1 -1 1 1 1 1 -1 -1 -1 1 1 -1 -1 1 1 -1 
----36
0---------------------------
0.450000 0.404400 0.557400 0.558400 0.561200 0.629600 0.456200 0.611200 0.434200 0.641200 
-1 1 -1 1 -1 -1 1 1 1 -1 -1 -1 -1 1 -1 -1 -1 -1 1 -1 1 1 -1 1 1 1 1 -1 -1 -1 -1 1 1 -1 -1 -1 -1 1 -1 -1 -1 -1 -1 1 -1 -1 -1 1 -1 1 -1 1 1 -1 -1 1 -1 -1 -1 1 1 1 -1 -1 -1 1 1 -1 1 1 -1 -1 1 -1 -1 -1 -1 -1 1 1 1 1 1 -1 -1 -1 1 1 1 1 -1 -1 -1 1 1 -1 -1 1 1 -1 
----35
0---------------------------
0.516800 0.195600 0.566200 0.488800 0.328000 0.404400 0.327400 0.434000 0.311800 0.371600 
1 -1 -1 -1 -1 -1 1 1 -1 -1 1 -1 -1 1 -1 -1 1 -1 -1 -1 1 1 -1 1 -1 1 1 -1 -1 -1 1 -1 1 -1 -1 -1 -1 1 -1 1 1 -1 1 -1 -1 -1 -1 1 1 1 1 -1 1 1 -1 1 1 1 -1 1 1 1 -1 1 -1 1 1 -1 1 1 1 1 1 -1 -1 -1 1 1 1 -1 1 1 -1 -1 -1 1 1 -1 -1 -1 -1 1 1 1 1 -1 1 1 1 -1 
----34
0---------------------------
0.460200 0.094200 0.444000 0.343800 0.187000 0.268200 0.203600 0.275000 0.214000 0.223800 
1 -1 -1 -1 -1 1 1 1 -1 -1 1 -1 -1 1 -1 -1 1 -1 -1 1 1 1 -1 1 -1 -1 1 -1 -1 -1 1 -1 1 1 -1 -1 -1 1 -1 1 1 -1 1 -1 -1 -1 -1 1 1 1 1 -1 1 1 -1 1 1 1 -1 1 1 1 -1 1 1 -1 1 -1 -1 1 1 1 1 -1 -1 -1 1 1 1 -1 1 1 -1 -1 -1 1 -1 -1 -1 -1 -1 1 1 1 -1 -1 1 1 1 -1 
----33
0---------------------------
0.216200 0.543800 0.296000 0.445000 0.386600 0.431000 0.382400 0.439000 0.332800 0.427400 
-1 1 -1 1 1 -1 1 1 1 1 1 1 -1 1 1 -1 1 -1 1 -1 -1 1 1 1 -1 1 1 -1 -1 1 -1 1 1 -1 -1 -1 1 -1 1 -1 1 -1 -1 1 -1 1 -1 1 -1 -1 -1 -1 1 1 1 1 1 -1 1 1 -1 -1 -1 1 1 -1 1 1 1 -1 -1 -1 1 1 1 -1 -1 1 -1 1 1 1 1 -1 -1 -1 1 1 1 1 -1 1 1 1 -1 -1 -1 -1 -1 -1 
----32
0---------------------------
0.399400 0.497400 0.498400 0.337000 0.534200 0.474600 0.605600 0.401000 0.394000 0.580600 
-1 -1 -1 1 1 -1 1 -1 1 -1 1 -1 -1 1 -1 -1 -1 -1 -1 -1 -1 1 1 1 1 1 -1 1 1 -1 -1 1 -1 -1 1 1 -1 1 -1 -1 -1 -1 -1 1 -1 1 -1 1 1 1 1 1 -1 -1 1 -1 -1 1 -1 1 -1 1 -1 1 -1 1 1 1 -1 1 -1 1 1 -1 -1 1 -1 -1 1 1 1 1 1 -1 -1 1 1 -1 1 -1 -1 -1 1 1 1 -1 -1 1 1 -1 
----31
0---------------------------
0.192800 0.330800 0.152600 0.048800 0.144000 0.148800 0.223400 0.066000 0.200600 0.293200 
-1 1 1 1 -1 1 -1 -1 1 1 1 -1 -1 -1 -1 -1 -1 -1 1 -1 -1 1 -1 1 1 1 1 1 -1 -1 -1 1 -1 1 -1 -1 1 1 1 -1 -1 -1 1 -1 1 -1 -1 -1 -1 1 -1 1 -1 -1 -1 1 -1 -1 -1 -1 -1 1 -1 -1 1 -1 1 -1 -1 1 -1 1 -1 1 -1 1 -1 1 1 1 1 1 1 1 -1 -1 -1 -1 -1 1 -1 -1 -1 -1 -1 -1 -1 1 -1 -1 
----10
0---------------------------
0.194200 0.334600 0.154800 0.051000 0.147000 0.151800 0.226400 0.068200 0.202000 0.295800 
-1 1 1 1 -1 1 -1 -1 1 1 1 -1 -1 -1 -1 -1 -1 -1 1 -1 -1 1 -1 1 1 1 1 1 -1 -1 -1 1 -1 1 -1 -1 1 1 1 -1 -1 -1 1 -1 1 -1 -1 -1 -1 1 -1 1 -1 -1 -1 1 -1 -1 -1 -1 -1 1 -1 -1 1 -1 1 -1 -1 1 -1 1 -1 1 -1 1 -1 1 1 1 1 1 1 1 -1 -1 -1 -1 -1 1 -1 -1 -1 -1 -1 -1 -1 1 -1 -1 
----9
0---------------------------
0.359400 0.010600 0.339600 0.251000 0.085800 0.165800 0.108400 0.171000 0.123200 0.117000 
1 -1 -1 -1 -1 1 1 1 -1 1 1 -1 -1 1 -1 1 1 -1 -1 1 1 1 -1 -1 -1 -1 1 -1 -1 -1 1 -1 1 1 -1 -1 1 -1 -1 1 1 -1 1 -1 -1 -1 -1 1 1 1 1 -1 1 1 -1 1 1 1 -1 1 1 1 -1 1 1 -1 1 -1 -1 1 1 1 1 -1 -1 -1 1 1 1 -1 1 -1 -1 -1 -1 1 -1 -1 -1 -1 -1 1 1 1 -1 -1 1 1 1 -1 
----8
0---------------------------
0.359400 0.010600 0.339600 0.251000 0.085800 0.165800 0.108400 0.171000 0.123200 0.117000 
1 -1 -1 -1 -1 1 1 1 -1 1 1 -1 -1 1 -1 1 1 -1 -1 1 1 1 -1 -1 -1 -1 1 -1 -1 -1 1 -1 1 1 -1 -1 1 -1 -1 1 1 -1 1 -1 -1 -1 -1 1 1 1 1 -1 1 1 -1 1 1 1 -1 1 1 1 -1 1 1 -1 1 -1 -1 1 1 1 1 -1 -1 -1 1 1 1 -1 1 -1 -1 -1 -1 1 -1 -1 -1 -1 -1 1 1 1 -1 -1 1 1 1 -1 
----7
0---------------------------
0.271600 0.484400 0.291400 0.188800 0.325600 0.267600 0.452600 0.249200 0.301800 0.470000 
-1 1 1 1 -1 -1 1 -1 1 1 1 -1 -1 1 -1 -1 -1 -1 1 -1 -1 1 -1 1 1 1 1 1 -1 -1 -1 1 -1 1 -1 1 -1 1 -1 -1 1 -1 1 -1 1 -1 -1 1 -1 -1 -1 1 -1 -1 1 1 -1 -1 -1 -1 -1 1 -1 -1 1 -1 1 1 -1 1 -1 1 1 1 -1 1 -1 1 -1 1 1 1 1 1 -1 1 -1 -1 -1 1 -1 -1 1 1 -1 -1 -1 1 1 -1 
----6
0---------------------------
0.255400 0.244600 0.375200 0.253000 0.411000 0.207000 0.541200 0.335000 0.295200 0.410200 
-1 -1 1 -1 1 -1 1 -1 1 1 1 -1 1 1 -1 -1 -1 -1 -1 -1 -1 1 -1 -1 1 1 -1 1 -1 -1 -1 1 -1 -1 -1 1 -1 1 -1 1 1 -1 1 1 -1 1 -1 1 1 -1 -1 1 -1 -1 1 1 -1 1 -1 -1 -1 1 -1 -1 -1 1 1 1 -1 1 1 -1 1 1 -1 1 -1 1 -1 1 -1 1 1 -1 -1 1 1 -1 1 -1 -1 -1 1 1 1 1 1 1 1 1 
----5
0---------------------------
0.192800 0.330800 0.152600 0.048800 0.144000 0.148800 0.223400 0.066000 0.200600 0.293200 
-1 1 1 1 -1 1 -1 -1 1 1 1 -1 -1 -1 -1 -1 -1 -1 1 -1 -1 1 -1 1 1 1 1 1 -1 -1 -1 1 -1 1 -1 -1 1 1 1 -1 -1 -1 1 -1 1 -1 -1 -1 -1 1 -1 1 -1 -1 -1 1 -1 -1 -1 -1 -1 1 -1 -1 1 -1 1 -1 -1 1 -1 1 -1 1 -1 1 -1 1 1 1 1 1 1 1 -1 -1 -1 -1 -1 1 -1 -1 -1 -1 -1 -1 -1 1 -1 -1 
----4
0---------------------------
0.192800 0.330800 0.152600 0.048800 0.144000 0.148800 0.223400 0.066000 0.200600 0.293200 
-1 1 1 1 -1 1 -1 -1 1 1 1 -1 -1 -1 -1 -1 -1 -1 1 -1 -1 1 -1 1 1 1 1 1 -1 -1 -1 1 -1 1 -1 -1 1 1 1 -1 -1 -1 1 -1 1 -1 -1 -1 -1 1 -1 1 -1 -1 -1 1 -1 -1 -1 -1 -1 1 -1 -1 1 -1 1 -1 -1 1 -1 1 -1 1 -1 1 -1 1 1 1 1 1 1 1 -1 -1 -1 -1 -1 1 -1 -1 -1 -1 -1 -1 -1 1 -1 -1 
----3
0---------------------------
0.232400 0.039200 0.252600 0.259600 0.189200 0.319600 0.045000 0.326400 0.168600 0.263200 
1 -1 -1 1 -1 -1 1 -1 -1 -1 -1 1 -1 -1 -1 -1 -1 -1 1 -1 1 -1 -1 1 -1 1 -1 -1 1 -1 -1 -1 1 -1 1 -1 -1 1 -1 -1 -1 -1 -1 1 -1 -1 -1 1 -1 1 1 -1 1 -1 -1 -1 -1 1 -1 1 1 1 1 1 -1 1 1 -1 1 -1 -1 -1 1 -1 -1 -1 -1 -1 1 1 1 1 -1 -1 1 -1 1 1 1 1 -1 -1 -1 1 1 -1 -1 -1 1 -1 
----2
0---------------------------
0.199800 0.419800 0.298400 0.221000 0.480200 0.502200 0.382800 0.191800 0.286400 0.331400 
-1 1 -1 1 -1 -1 1 1 1 -1 -1 -1 -1 1 1 -1 -1 -1 -1 1 -1 1 1 1 -1 -1 1 -1 -1 1 -1 -1 1 1 1 1 1 -1 -1 1 -1 1 -1 -1 -1 1 1 1 1 1 -1 1 1 1 1 -1 -1 1 -1 -1 -1 1 1 1 -1 1 1 1 1 1 -1 1 -1 -1 -1 -1 -1 1 1 -1 -1 -1 1 -1 -1 1 1 -1 1 -1 -1 1 -1 1 1 -1 -1 1 1 -1 
----1
0---------------------------
0.281800 0.521400 0.316800 0.330600 0.374600 0.411400 0.385200 0.326600 0.273200 0.492600 
-1 1 -1 1 -1 -1 1 1 1 -1 1 -1 -1 1 -1 1 1 -1 1 -1 1 1 1 1 1 1 1 1 -1 -1 -1 1 1 1 -1 1 -1 1 -1 1 1 -1 1 -1 1 -1 1 1 1 -1 -1 1 -1 -1 1 -1 1 1 -1 -1 1 1 -1 1 1 1 -1 1 1 1 -1 1 1 -1 -1 1 -1 1 -1 1 1 1 -1 -1 -1 1 1 -1 -1 -1 -1 1 1 1 -1 -1 -1 1 1 -1 
---20
0---------------------------
0.254600 0.508200 0.273600 0.176600 0.286600 0.295400 0.378000 0.173400 0.303200 0.400200 
-1 1 -1 1 -1 1 1 1 1 1 1 -1 -1 -1 -1 -1 -1 -1 1 -1 -1 1 1 1 1 1 1 1 -1 -1 -1 1 1 1 -1 -1 1 1 1 -1 -1 -1 1 -1 1 -1 -1 -1 -1 1 -1 1 -1 -1 -1 1 -1 -1 -1 -1 -1 1 -1 -1 1 -1 1 -1 -1 1 -1 1 -1 1 -1 1 -1 1 1 1 1 1 1 -1 -1 -1 1 -1 -1 1 -1 -1 -1 -1 -1 -1 -1 1 -1 -1 
---21
0---------------------------
0.235400 0.160200 0.364000 0.234200 0.401800 0.175400 0.507200 0.336200 0.294400 0.353400 
-1 -1 1 -1 1 -1 1 -1 1 1 1 -1 -1 1 -1 -1 -1 1 -1 -1 -1 1 -1 -1 1 1 -1 1 1 -1 1 1 -1 -1 1 1 -1 1 -1 1 1 -1 -1 1 -1 1 -1 1 1 -1 -1 1 -1 -1 1 1 -1 1 -1 1 -1 1 -1 -1 -1 1 1 1 -1 1 1 -1 1 1 -1 1 -1 -1 -1 1 -1 1 1 -1 -1 1 1 -1 1 -1 1 -1 1 1 1 1 1 1 1 -1 
---22
0---------------------------
0.404600 0.433000 0.434400 0.359000 0.396200 0.443400 0.414400 0.378600 0.353600 0.547800 
-1 1 -1 1 -1 -1 1 -1 1 -1 1 -1 -1 -1 -1 -1 -1 -1 1 -1 1 1 -1 1 1 1 1 1 -1 -1 -1 1 1 1 -1 -1 -1 1 -1 -1 -1 -1 1 -1 -1 -1 -1 1 -1 1 -1 1 -1 -1 -1 -1 -1 -1 -1 -1 1 1 -1 -1 1 1 1 -1 -1 1 -1 1 1 -1 -1 1 -1 1 1 1 1 1 1 -1 -1 -1 1 -1 1 1 -1 -1 -1 1 1 -1 -1 1 1 -1 
---23
0---------------------------
0.255400 0.360200 0.391600 0.589000 0.471400 0.445400 0.432000 0.633400 0.367200 0.489400 
-1 1 -1 1 1 -1 1 1 -1 1 1 1 -1 1 -1 -1 1 -1 1 -1 -1 1 -1 1 -1 1 -1 -1 -1 -1 1 1 1 -1 -1 -1 -1 1 1 -1 1 -1 -1 1 -1 1 -1 1 -1 -1 -1 -1 1 1 1 1 1 -1 -1 1 -1 -1 -1 -1 -1 1 1 1 1 -1 -1 -1 1 1 -1 -1 -1 -1 -1 1 -1 1 1 -1 -1 -1 1 1 1 1 -1 1 1 1 1 -1 1 -1 -1 -1 
---24
0---------------------------
0.298200 0.214200 0.423600 0.648600 0.478200 0.447400 0.370000 0.654600 0.333200 0.483800 
-1 1 -1 1 1 -1 1 1 -1 -1 -1 -1 1 1 -1 -1 1 -1 1 -1 1 1 -1 -1 -1 1 1 1 -1 -1 -1 1 1 -1 -1 1 -1 1 1 1 1 -1 -1 1 -1 1 -1 1 1 -1 -1 1 -1 1 -1 1 1 -1 -1 1 1 -1 -1 -1 -1 1 1 -1 1 1 1 -1 1 -1 -1 1 -1 -1 -1 1 -1 1 1 -1 -1 1 1 -1 1 -1 -1 1 -1 1 -1 -1 -1 1 -1 -1 
---25
0---------------------------
0.192600 0.091400 0.262400 0.481400 0.305000 0.298600 0.191600 0.433800 0.190000 0.316200 
-1 1 -1 1 -1 -1 1 1 -1 -1 -1 -1 1 1 -1 1 1 -1 1 1 1 -1 -1 -1 1 1 1 1 -1 -1 -1 1 1 -1 -1 1 -1 1 1 1 1 -1 1 -1 -1 -1 1 -1 1 -1 -1 1 -1 1 -1 1 1 -1 -1 -1 1 -1 -1 -1 -1 1 -1 -1 1 1 1 -1 1 -1 -1 1 -1 -1 -1 -1 -1 1 -1 -1 -1 1 1 -1 -1 -1 -1 1 -1 -1 -1 1 -1 1 -1 1 
---26
0---------------------------
0.207600 0.143200 0.333000 0.205600 0.370400 0.145200 0.482600 0.308400 0.269800 0.328800 
-1 -1 1 -1 1 -1 1 -1 1 1 1 -1 1 1 -1 -1 -1 1 -1 -1 -1 1 -1 -1 1 1 -1 1 1 -1 1 1 -1 -1 1 1 -1 1 -1 1 1 -1 -1 1 -1 1 -1 1 1 -1 -1 1 -1 -1 1 1 -1 1 -1 1 -1 1 -1 -1 -1 1 1 1 -1 1 1 -1 1 1 -1 1 -1 -1 -1 1 -1 1 1 -1 -1 1 1 -1 1 -1 1 -1 1 1 1 1 1 1 1 1 
---27
0---------------------------
0.412600 0.179400 0.542400 0.609800 0.489400 0.418200 0.434800 0.656200 0.375600 0.509400 
-1 -1 -1 1 1 -1 1 1 -1 -1 -1 -1 1 1 -1 -1 1 -1 -1 -1 1 1 -1 -1 1 1 -1 1 -1 -1 1 1 1 -1 -1 1 -1 1 -1 1 1 -1 1 -1 -1 -1 -1 1 1 -1 -1 1 -1 -1 -1 1 1 1 -1 1 1 1 -1 -1 -1 1 1 -1 1 1 1 -1 1 -1 -1 1 -1 -1 -1 1 -1 1 -1 -1 -1 1 1 -1 -1 -1 -1 -1 1 1 -1 1 -1 1 1 1 
---28
0---------------------------
0.244600 0.161800 0.374800 0.251800 0.416600 0.195000 0.510000 0.354200 0.299600 0.368200 
-1 -1 -1 -1 1 -1 1 -1 1 -1 1 -1 1 1 -1 -1 -1 1 -1 -1 -1 1 -1 -1 1 1 -1 1 1 -1 1 1 -1 -1 1 1 -1 1 -1 1 1 -1 -1 1 -1 1 -1 1 1 -1 -1 1 -1 -1 1 1 -1 1 -1 1 -1 1 -1 -1 -1 1 1 1 -1 1 1 -1 1 1 -1 1 -1 -1 -1 1 -1 1 1 -1 -1 1 1 -1 1 -1 1 -1 1 1 1 1 1 1 1 1 
---29
0---------------------------
0.150400 0.389200 0.263000 0.210800 0.471200 0.488800 0.369800 0.178800 0.241800 0.296400 
-1 1 -1 1 -1 -1 1 1 1 -1 -1 -1 -1 1 1 -1 -1 -1 -1 1 -1 -1 1 1 -1 -1 1 -1 1 1 -1 -1 1 -1 1 1 1 -1 -1 1 -1 1 -1 -1 -1 1 1 1 1 1 -1 1 1 1 1 -1 -1 1 -1 -1 -1 1 1 1 -1 1 1 1 1 1 -1 1 1 -1 -1 -1 -1 -1 1 -1 -1 1 1 -1 -1 1 1 1 1 -1 -1 1 -1 1 1 -1 -1 1 1 -1 
---50
0---------------------------
0.413000 0.494200 0.452000 0.350600 0.336600 0.402200 0.409200 0.327800 0.334400 0.500600 
-1 -1 -1 1 -1 1 1 -1 1 -1 1 -1 -1 -1 -1 -1 -1 -1 1 -1 1 1 -1 1 1 1 -1 1 -1 -1 -1 1 1 1 -1 -1 -1 1 -1 -1 1 -1 1 -1 1 -1 -1 1 1 1 1 1 -1 -1 -1 -1 -1 -1 -1 -1 1 1 -1 1 1 -1 1 -1 -1 1 -1 1 1 -1 -1 -1 -1 1 1 1 1 1 -1 -1 1 1 1 -1 1 1 -1 -1 1 1 1 -1 -1 1 1 -1 
---51
0---------------------------
0.372600 0.390600 0.468800 0.564600 0.467000 0.512600 0.409600 0.517800 0.340800 0.572200 
-1 1 -1 1 -1 -1 1 1 1 -1 -1 -1 1 1 -1 -1 -1 -1 1 1 1 1 -1 1 1 1 1 1 -1 -1 -1 1 1 -1 -1 1 -1 1 -1 -1 1 -1 1 -1 -1 -1 1 -1 1 1 -1 1 -1 -1 -1 1 -1 -1 -1 -1 1 -1 -1 -1 -1 1 1 -1 1 1 -1 -1 1 -1 -1 1 -1 -1 -1 -1 1 1 -1 -1 -1 1 1 -1 -1 -1 -1 1 -1 -1 -1 -1 -1 1 1 1 
---52
0---------------------------
0.179200 0.376400 0.262600 0.184000 0.127200 0.140000 0.298200 0.060000 0.159800 0.191600 
1 -1 -1 1 1 1 1 1 1 -1 1 -1 1 -1 -1 -1 -1 -1 -1 1 1 1 1 1 1 -1 -1 1 -1 -1 -1 1 1 1 -1 -1 -1 1 -1 -1 1 1 1 -1 1 -1 1 -1 1 1 1 1 -1 -1 -1 -1 -1 -1 -1 -1 1 -1 -1 1 1 -1 1 -1 -1 -1 -1 1 1 -1 -1 -1 -1 1 1 -1 1 1 -1 -1 1 1 1 -1 1 1 -1 1 1 -1 1 -1 1 1 1 1 
---53
0---------------------------
0.100000 0.422400 0.211800 0.434400 0.322000 0.325600 0.335800 0.408000 0.271400 0.300800 
-1 1 -1 1 1 -1 1 1 -1 1 1 1 -1 1 1 -1 1 -1 1 -1 -1 1 1 1 -1 1 1 -1 -1 1 1 1 1 -1 -1 -1 1 -1 1 -1 1 -1 -1 1 -1 1 -1 1 -1 -1 -1 -1 1 1 1 1 1 -1 1 1 -1 -1 -1 -1 1 -1 1 1 1 -1 -1 -1 1 1 1 -1 -1 1 -1 1 -1 1 1 -1 -1 -1 1 1 1 1 -1 1 1 1 -1 -1 1 -1 -1 -1 
---54
0---------------------------
0.195600 0.126400 0.322600 0.192400 0.360400 0.133200 0.471400 0.294400 0.257800 0.313200 
-1 -1 1 -1 1 -1 1 -1 1 1 1 -1 1 1 -1 -1 -1 1 -1 -1 -1 1 -1 -1 1 1 -1 1 1 -1 1 1 -1 -1 1 1 -1 1 -1 1 1 -1 -1 1 -1 1 -1 1 1 -1 -1 1 -1 -1 1 1 -1 1 -1 1 -1 1 -1 -1 -1 1 1 1 -1 1 1 -1 1 1 -1 1 -1 -1 -1 1 -1 1 1 -1 -1 1 1 -1 1 -1 1 -1 1 1 1 1 1 1 1 1 
---55
0---------------------------
0.135600 0.369200 0.246200 0.191200 0.455200 0.478000 0.347800 0.160400 0.227000 0.279200 
-1 1 -1 1 -1 -1 1 1 1 -1 -1 -1 -1 1 1 -1 -1 -1 -1 1 -1 -1 1 1 -1 -1 1 -1 1 1 -1 -1 1 -1 1 1 1 -1 -1 1 -1 1 -1 -1 -1 1 1 1 1 1 -1 1 1 1 1 -1 -1 1 -1 -1 -1 1 1 1 -1 1 1 1 1 1 -1 1 -1 -1 -1 -1 -1 -1 1 -1 -1 -1 1 -1 -1 1 1 1 1 -1 -1 1 -1 1 1 -1 -1 1 1 -1 
---56
0---------------------------
0.100000 0.422400 0.211800 0.434400 0.322000 0.325600 0.335800 0.408000 0.271400 0.300800 
-1 1 -1 1 1 -1 1 1 -1 1 1 1 -1 1 1 -1 1 -1 1 -1 -1 1 1 1 -1 1 1 -1 -1 1 1 1 1 -1 -1 -1 1 -1 1 -1 1 -1 -1 1 -1 1 -1 1 -1 -1 -1 -1 1 1 1 1 1 -1 1 1 -1 -1 -1 -1 1 -1 1 1 1 -1 -1 -1 1 1 1 -1 -1 1 -1 1 -1 1 1 -1 -1 -1 1 1 1 1 -1 1 1 1 -1 -1 1 -1 -1 -1 
---57
0---------------------------
0.255600 0.162800 0.395000 0.323600 0.437200 0.244400 0.491800 0.425200 0.315800 0.401200 
-1 -1 1 1 1 -1 1 -1 1 1 1 -1 1 1 -1 -1 -1 1 -1 -1 -1 1 -1 -1 1 1 -1 1 1 -1 1 1 1 -1 1 1 -1 1 -1 1 1 -1 -1 1 -1 1 -1 1 1 -1 -1 1 -1 -1 1 1 -1 1 -1 1 -1 1 -1 -1 -1 1 1 1 1 1 1 -1 1 1 -1 1 -1 -1 -1 1 -1 1 1 -1 -1 1 1 -1 1 -1 1 -1 1 1 1 1 1 1 1 1 
---58
0---------------------------
0.195600 0.126400 0.322600 0.192400 0.360400 0.133200 0.471400 0.294400 0.257800 0.313200 
-1 -1 1 -1 1 -1 1 -1 1 1 1 -1 1 1 -1 -1 -1 1 -1 -1 -1 1 -1 -1 1 1 -1 1 1 -1 1 1 -1 -1 1 1 -1 1 -1 1 1 -1 -1 1 -1 1 -1 1 1 -1 -1 1 -1 -1 1 1 -1 1 -1 1 -1 1 -1 -1 -1 1 1 1 -1 1 1 -1 1 1 -1 1 -1 -1 -1 1 -1 1 1 -1 -1 1 1 -1 1 -1 1 -1 1 1 1 1 1 1 1 1 
---59
0---------------------------
0.352200 0.239800 0.410400 0.443000 0.416600 0.487800 0.284800 0.523000 0.303600 0.508600 
-1 -1 -1 1 -1 -1 1 -1 -1 -1 -1 -1 -1 1 -1 -1 -1 -1 1 -1 1 -1 -1 1 1 1 -1 1 1 -1 -1 1 1 -1 1 1 -1 1 -1 1 1 -1 -1 1 -1 -1 -1 1 1 1 1 1 -1 -1 -1 -1 -1 1 -1 1 1 1 1 1 -1 1 1 -1 1 1 -1 -1 1 -1 -1 1 -1 -1 -1 1 1 1 -1 -1 -1 1 1 1 1 -1 -1 -1 -1 1 1 -1 -1 1 1 -1 
---80
0---------------------------
0.526600 0.379400 0.584400 0.497000 0.452600 0.582600 0.397200 0.472600 0.362000 0.548600 
1 -1 -1 1 -1 -1 1 1 1 -1 1 -1 -1 1 -1 -1 -1 -1 -1 -1 1 1 -1 1 -1 1 1 -1 -1 -1 -1 -1 1 1 -1 -1 -1 1 -1 1 -1 -1 1 -1 -1 -1 -1 1 1 1 1 1 1 -1 -1 1 1 1 -1 1 1 1 -1 1 -1 1 1 -1 1 1 -1 1 1 -1 -1 -1 -1 1 1 -1 1 1 -1 -1 -1 1 1 -1 -1 -1 -1 1 1 1 1 -1 -1 1 1 -1 
---81
0---------------------------
0.391600 0.325600 0.485400 0.526400 0.441600 0.517200 0.369000 0.524800 0.341400 0.517600 
-1 -1 -1 1 -1 -1 1 1 -1 -1 -1 -1 -1 1 -1 -1 -1 -1 1 -1 1 -1 -1 1 1 1 -1 1 -1 -1 -1 1 1 -1 -1 -1 -1 1 -1 -1 1 -1 1 -1 -1 -1 -1 1 1 1 1 1 -1 -1 -1 -1 -1 -1 -1 -1 1 -1 -1 1 -1 1 1 -1 1 1 -1 -1 1 -1 -1 -1 -1 -1 1 -1 1 1 -1 -1 -1 1 1 -1 1 1 -1 -1 -1 1 1 -1 -1 1 1 -1 
---82
0---------------------------
0.192800 0.330800 0.152600 0.048800 0.144000 0.148800 0.223400 0.066000 0.200600 0.293200 
-1 1 1 1 -1 1 -1 -1 1 1 1 -1 -1 -1 -1 -1 -1 -1 1 -1 -1 1 -1 1 1 1 1 1 -1 -1 -1 1 -1 1 -1 -1 1 1 1 -1 -1 -1 1 -1 1 -1 -1 -1 -1 1 -1 1 -1 -1 -1 1 -1 -1 -1 -1 -1 1 -1 -1 1 -1 1 -1 -1 1 -1 1 -1 1 -1 1 -1 1 1 1 1 1 1 1 -1 -1 -1 -1 -1 1 -1 -1 -1 -1 -1 -1 -1 1 -1 -1 
---83
0---------------------------
0.119200 0.421200 0.231800 0.454000 0.339200 0.341600 0.349800 0.429600 0.283800 0.318800 
-1 1 -1 1 1 -1 1 1 -1 1 1 1 -1 1 -1 -1 1 -1 1 -1 -1 1 1 1 -1 1 1 -1 -1 1 1 1 1 -1 -1 -1 1 -1 1 -1 1 -1 -1 1 -1 1 -1 1 -1 -1 -1 -1 1 1 1 1 1 -1 1 1 -1 -1 -1 -1 1 -1 1 1 1 -1 -1 -1 1 1 1 -1 -1 1 -1 1 -1 1 1 -1 -1 -1 1 1 1 1 -1 1 1 1 -1 -1 1 -1 -1 -1 
---84
0---------------------------
0.100000 0.422400 0.211800 0.434400 0.322000 0.325600 0.335800 0.408000 0.271400 0.300800 
-1 1 -1 1 1 -1 1 1 -1 1 1 1 -1 1 1 -1 1 -1 1 -1 -1 1 1 1 -1 1 1 -1 -1 1 1 1 1 -1 -1 -1 1 -1 1 -1 1 -1 -1 1 -1 1 -1 1 -1 -1 -1 -1 1 1 1 1 1 -1 1 1 -1 -1 -1 -1 1 -1 1 1 1 -1 -1 -1 1 1 1 -1 -1 1 -1 1 -1 1 1 -1 -1 -1 1 1 1 1 -1 1 1 1 -1 -1 1 -1 -1 -1 
---85
0---------------------------
0.135600 0.369200 0.246200 0.191200 0.455200 0.478000 0.347800 0.160400 0.227000 0.279200 
-1 1 -1 1 -1 -1 1 1 1 -1 -1 -1 -1 1 1 -1 -1 -1 -1 1 -1 -1 1 1 -1 -1 1 -1 1 1 -1 -1 1 -1 1 1 1 -1 -1 1 -1 1 -1 -1 -1 1 1 1 1 1 -1 1 1 1 1 -1 -1 1 -1 -1 -1 1 1 1 -1 1 1 1 1 1 -1 1 -1 -1 -1 -1 -1 -1 1 -1 -1 -1 1 -1 -1 1 1 1 1 -1 -1 1 -1 1 1 -1 -1 1 1 -1 
---86
0---------------------------
0.192800 0.330800 0.152600 0.048800 0.144000 0.148800 0.223400 0.066000 0.200600 0.293200 
-1 1 1 1 -1 1 -1 -1 1 1 1 -1 -1 -1 -1 -1 -1 -1 1 -1 -1 1 -1 1 1 1 1 1 -1 -1 -1 1 -1 1 -1 -1 1 1 1 -1 -1 -1 1 -1 1 -1 -1 -1 -1 1 -1 1 -1 -1 -1 1 -1 -1 -1 -1 -1 1 -1 -1 1 -1 1 -1 -1 1 -1 1 -1 1 -1 1 -1 1 1 1 1 1 1 1 -1 -1 -1 -1 -1 1 -1 -1 -1 -1 -1 -1 -1 1 -1 -1 
---87
0---------------------------
0.100000 0.422400 0.211800 0.434400 0.322000 0.325600 0.335800 0.408000 0.271400 0.300800 
-1 1 -1 1 1 -1 1 1 -1 1 1 1 -1 1 1 -1 1 -1 1 -1 -1 1 1 1 -1 1 1 -1 -1 1 1 1 1 -1 -1 -1 1 -1 1 -1 1 -1 -1 1 -1 1 -1 1 -1 -1 -1 -1 1 1 1 1 1 -1 1 1 -1 -1 -1 -1 1 -1 1 1 1 -1 -1 -1 1 1 1 -1 -1 1 -1 1 -1 1 1 -1 -1 -1 1 1 1 1 -1 1 1 1 -1 -1 1 -1 -1 -1 
---88
0---------------------------
0.166000 0.403600 0.296200 0.516800 0.394000 0.384400 0.388600 0.512000 0.316200 0.380400 
-1 1 -1 1 1 -1 1 1 -1 1 1 1 -1 1 -1 -1 1 -1 1 -1 -1 1 1 1 -1 1 1 -1 -1 1 1 1 1 -1 -1 -1 -1 1 1 -1 1 -1 -1 1 -1 1 -1 1 -1 -1 -1 -1 1 1 1 1 1 -1 -1 1 -1 -1 -1 -1 -1 1 1 1 1 1 -1 -1 1 1 1 -1 -1 1 -1 1 -1 1 1 -1 -1 -1 1 1 1 1 -1 1 1 1 -1 -1 1 -1 -1 -1 
---89
0---------------------------
0.437600 0.547600 0.494200 0.348400 0.407600 0.395600 0.541800 0.334400 0.371800 0.536000 
-1 -1 -1 -1 -1 1 1 -1 1 1 1 -1 -1 1 -1 -1 -1 -1 -1 -1 -1 1 -1 1 1 1 1 1 -1 -1 -1 1 -1 1 -1 -1 1 1 -1 1 1 -1 1 -1 -1 -1 -1 1 1 1 -1 1 -1 -1 -1 1 -1 1 -1 -1 -1 1 -1 1 1 -1 1 -1 -1 1 -1 1 1 -1 -1 1 -1 1 1 1 1 1 1 -1 -1 1 -1 -1 -1 -1 -1 1 1 1 -1 -1 1 1 1 -1 
---110
0---------------------------
0.474600 0.466200 0.596800 0.665800 0.615800 0.620200 0.566800 0.659800 0.420400 0.712200 
-1 1 -1 1 -1 -1 1 1 1 -1 1 -1 -1 1 -1 -1 1 -1 1 -1 1 1 -1 1 1 1 1 1 -1 -1 -1 1 1 -1 -1 1 -1 1 -1 1 1 -1 1 -1 -1 -1 -1 1 1 -1 -1 1 -1 1 -1 1 1 -1 -1 -1 1 1 -1 -1 -1 1 1 -1 1 1 -1 -1 1 -1 -1 1 -1 -1 -1 -1 -1 1 1 -1 -1 1 1 -1 -1 -1 -1 1 1 1 -1 -1 -1 1 1 -1 
---111
0---------------------------
0.311800 0.158200 0.341200 0.341000 0.288200 0.408600 0.160800 0.406200 0.252800 0.378200 
-1 -1 -1 1 -1 -1 1 -1 -1 -1 -1 -1 -1 -1 -1 -1 -1 -1 1 -1 1 1 -1 1 1 1 -1 1 -1 -1 -1 1 1 -1 -1 -1 -1 1 -1 -1 -1 -1 -1 1 -1 -1 -1 1 -1 1 1 1 1 -1 -1 -1 -1 1 -1 1 1 1 1 1 -1 1 1 -1 1 1 -1 -1 1 -1 -1 -1 -1 -1 1 1 1 1 -1 -1 1 -1 1 1 1 1 -1 -1 -1 1 1 -1 -1 1 1 -1 
---112
0---------------------------
0.395400 0.269400 0.451600 0.435000 0.408200 0.473000 0.311200 0.511800 0.334400 0.517000 
-1 -1 -1 1 -1 -1 1 -1 1 -1 -1 -1 -1 1 -1 -1 -1 -1 1 -1 1 1 -1 1 1 1 -1 1 -1 -1 -1 1 1 -1 -1 1 -1 1 -1 -1 -1 -1 1 1 -1 -1 -1 1 1 1 1 1 -1 -1 -1 -1 -1 1 -1 1 1 1 -1 -1 -1 1 1 -1 1 1 -1 -1 1 -1 -1 1 -1 -1 1 1 1 1 -1 -1 -1 1 1 1 1 -1 -1 -1 -1 1 1 -1 -1 1 1 -1 
---113
0---------------------------
0.196600 0.127400 0.323600 0.193400 0.361400 0.134200 0.472400 0.295400 0.258800 0.314200 
-1 -1 1 -1 1 -1 1 -1 1 1 1 -1 1 1 -1 -1 -1 1 -1 -1 -1 1 -1 -1 1 1 -1 1 1 -1 1 1 -1 -1 1 1 -1 1 -1 1 1 -1 -1 1 -1 1 -1 1 1 -1 -1 1 -1 -1 1 1 -1 1 -1 1 -1 1 -1 -1 -1 1 1 1 -1 1 1 -1 1 1 -1 1 -1 -1 -1 1 -1 1 1 -1 -1 1 1 -1 1 -1 1 -1 1 1 1 1 1 1 1 1 
---114
0---------------------------
0.183000 0.417000 0.312400 0.532600 0.412600 0.401000 0.409600 0.528200 0.332000 0.401400 
-1 1 -1 1 1 -1 1 1 -1 1 1 1 -1 1 -1 -1 1 -1 1 -1 -1 1 -1 1 -1 1 1 -1 -1 -1 1 1 1 -1 -1 -1 -1 1 1 -1 1 -1 -1 1 -1 1 -1 1 -1 -1 -1 -1 1 1 1 1 1 -1 1 1 -1 -1 -1 -1 1 1 1 1 1 -1 -1 -1 1 1 1 -1 -1 1 -1 1 -1 1 1 -1 -1 -1 1 1 1 1 -1 1 1 1 -1 -1 1 -1 -1 -1 
---115
0---------------------------
0.135600 0.369200 0.246200 0.191200 0.455200 0.478000 0.347800 0.160400 0.227000 0.279200 
-1 1 -1 1 -1 -1 1 1 1 -1 -1 -1 -1 1 1 -1 -1 -1 -1 1 -1 -1 1 1 -1 -1 1 -1 1 1 -1 -1 1 -1 1 1 1 -1 -1 1 -1 1 -1 -1 -1 1 1 1 1 1 -1 1 1 1 1 -1 -1 1 -1 -1 -1 1 1 1 -1 1 1 1 1 1 -1 1 -1 -1 -1 -1 -1 -1 1 -1 -1 -1 1 -1 -1 1 1 1 1 -1 -1 1 -1 1 1 -1 -1 1 1 -1 
---116
0---------------------------
0.192800 0.330800 0.152600 0.048800 0.144000 0.148800 0.223400 0.066000 0.200600 0.293200 
-1 1 1 1 -1 1 -1 -1 1 1 1 -1 -1 -1 -1 -1 -1 -1 1 -1 -1 1 -1 1 1 1 1 1 -1 -1 -1 1 -1 1 -1 -1 1 1 1 -1 -1 -1 1 -1 1 -1 -1 -1 -1 1 -1 1 -1 -1 -1 1 -1 -1 -1 -1 -1 1 -1 -1 1 -1 1 -1 -1 1 -1 1 -1 1 -1 1 -1 1 1 1 1 1 1 1 -1 -1 -1 -1 -1 1 -1 -1 -1 -1 -1 -1 -1 1 -1 -1 
---117
0---------------------------
0.105600 0.422800 0.217400 0.440000 0.327200 0.330800 0.339400 0.413600 0.275800 0.306400 
-1 1 -1 1 1 -1 1 1 -1 1 1 1 -1 1 -1 -1 1 -1 1 -1 -1 1 1 1 -1 1 1 -1 -1 1 1 1 1 -1 -1 -1 1 -1 1 -1 1 -1 -1 1 -1 1 -1 1 -1 -1 -1 -1 1 1 1 1 1 -1 1 1 -1 -1 -1 -1 1 -1 1 1 1 -1 -1 -1 1 1 1 -1 -1 1 -1 1 -1 1 1 -1 -1 -1 1 1 1 1 -1 1 1 1 -1 -1 1 -1 -1 -1 
---118
0---------------------------
0.100000 0.422400 0.211800 0.434400 0.322000 0.325600 0.335800 0.408000 0.271400 0.300800 
-1 1 -1 1 1 -1 1 1 -1 1 1 1 -1 1 1 -1 1 -1 1 -1 -1 1 1 1 -1 1 1 -1 -1 1 1 1 1 -1 -1 -1 1 -1 1 -1 1 -1 -1 1 -1 1 -1 1 -1 -1 -1 -1 1 1 1 1 1 -1 1 1 -1 -1 -1 -1 1 -1 1 1 1 -1 -1 -1 1 1 1 -1 -1 1 -1 1 -1 1 1 -1 -1 -1 1 1 1 1 -1 1 1 1 -1 -1 1 -1 -1 -1 
---119
0---------------------------
0.340800 0.243200 0.423800 0.464800 0.402000 0.464400 0.277400 0.542800 0.317800 0.488000 
-1 -1 -1 1 -1 -1 1 -1 -1 -1 -1 -1 -1 1 -1 -1 -1 -1 1 -1 1 -1 -1 1 1 1 -1 1 1 -1 -1 1 1 -1 1 1 -1 1 -1 -1 1 -1 -1 1 -1 -1 -1 1 1 -1 -1 1 -1 -1 -1 1 -1 1 -1 1 1 1 -1 1 -1 1 1 -1 1 1 -1 -1 1 -1 -1 -1 -1 -1 -1 1 1 1 -1 -1 1 1 1 1 1 -1 -1 -1 -1 1 1 -1 -1 1 1 -1 
---140
0---------------------------
0.514400 0.354800 0.569800 0.515200 0.410400 0.506400 0.376600 0.525200 0.357000 0.577200 
-1 -1 -1 1 -1 -1 1 -1 -1 1 1 -1 -1 1 -1 -1 -1 -1 1 -1 1 1 -1 1 1 1 1 1 -1 -1 -1 1 1 1 -1 -1 -1 1 -1 1 1 -1 1 -1 -1 -1 -1 1 1 1 1 1 -1 -1 -1 1 1 1 -1 1 1 1 -1 1 1 1 1 -1 1 1 -1 1 1 -1 -1 -1 -1 1 1 1 1 1 -1 -1 -1 1 1 -1 -1 -1 -1 1 1 1 -1 -1 -1 1 1 -1 
---141
0---------------------------
0.192800 0.330800 0.152600 0.048800 0.144000 0.148800 0.223400 0.066000 0.200600 0.293200 
-1 1 1 1 -1 1 -1 -1 1 1 1 -1 -1 -1 -1 -1 -1 -1 1 -1 -1 1 -1 1 1 1 1 1 -1 -1 -1 1 -1 1 -1 -1 1 1 1 -1 -1 -1 1 -1 1 -1 -1 -1 -1 1 -1 1 -1 -1 -1 1 -1 -1 -1 -1 -1 1 -1 -1 1 -1 1 -1 -1 1 -1 1 -1 1 -1 1 -1 1 1 1 1 1 1 1 -1 -1 -1 -1 -1 1 -1 -1 -1 -1 -1 -1 -1 1 -1 -1 
---142
0---------------------------
0.195600 0.126400 0.322600 0.192400 0.360400 0.133200 0.471400 0.294400 0.257800 0.313200 
-1 -1 1 -1 1 -1 1 -1 1 1 1 -1 1 1 -1 -1 -1 1 -1 -1 -1 1 -1 -1 1 1 -1 1 1 -1 1 1 -1 -1 1 1 -1 1 -1 1 1 -1 -1 1 -1 1 -1 1 1 -1 -1 1 -1 -1 1 1 -1 1 -1 1 -1 1 -1 -1 -1 1 1 1 -1 1 1 -1 1 1 -1 1 -1 -1 -1 1 -1 1 1 -1 -1 1 1 -1 1 -1 1 -1 1 1 1 1 1 1 1 1 
---143
0---------------------------
0.100000 0.422400 0.211800 0.434400 0.322000 0.325600 0.335800 0.408000 0.271400 0.300800 
-1 1 -1 1 1 -1 1 1 -1 1 1 1 -1 1 1 -1 1 -1 1 -1 -1 1 1 1 -1 1 1 -1 -1 1 1 1 1 -1 -1 -1 1 -1 1 -1 1 -1 -1 1 -1 1 -1 1 -1 -1 -1 -1 1 1 1 1 1 -1 1 1 -1 -1 -1 -1 1 -1 1 1 1 -1 -1 -1 1 1 1 -1 -1 1 -1 1 -1 1 1 -1 -1 -1 1 1 1 1 -1 1 1 1 -1 -1 1 -1 -1 -1 
---144
0---------------------------
0.100000 0.422400 0.211800 0.434400 0.322000 0.325600 0.335800 0.408000 0.271400 0.300800 
-1 1 -1 1 1 -1 1 1 -1 1 1 1 -1 1 1 -1 1 -1 1 -1 -1 1 1 1 -1 1 1 -1 -1 1 1 1 1 -1 -1 -1 1 -1 1 -1 1 -1 -1 1 -1 1 -1 1 -1 -1 -1 -1 1 1 1 1 1 -1 1 1 -1 -1 -1 -1 1 -1 1 1 1 -1 -1 -1 1 1 1 -1 -1 1 -1 1 -1 1 1 -1 -1 -1 1 1 1 1 -1 1 1 1 -1 -1 1 -1 -1 -1 
---145
0---------------------------
0.135600 0.369200 0.246200 0.191200 0.455200 0.478000 0.347800 0.160400 0.227000 0.279200 
-1 1 -1 1 -1 -1 1 1 1 -1 -1 -1 -1 1 1 -1 -1 -1 -1 1 -1 -1 1 1 -1 -1 1 -1 1 1 -1 -1 1 -1 1 1 1 -1 -1 1 -1 1 -1 -1 -1 1 1 1 1 1 -1 1 1 1 1 -1 -1 1 -1 -1 -1 1 1 1 -1 1 1 1 1 1 -1 1 -1 -1 -1 -1 -1 -1 1 -1 -1 -1 1 -1 -1 1 1 1 1 -1 -1 1 -1 1 1 -1 -1 1 1 -1 
---146
0---------------------------
0.135600 0.369200 0.246200 0.191200 0.455200 0.478000 0.347800 0.160400 0.227000 0.279200 
-1 1 -1 1 -1 -1 1 1 1 -1 -1 -1 -1 1 1 -1 -1 -1 -1 1 -1 -1 1 1 -1 -1 1 -1 1 1 -1 -1 1 -1 1 1 1 -1 -1 1 -1 1 -1 -1 -1 1 1 1 1 1 -1 1 1 1 1 -1 -1 1 -1 -1 -1 1 1 1 -1 1 1 1 1 1 -1 1 -1 -1 -1 -1 -1 -1 1 -1 -1 -1 1 -1 -1 1 1 1 1 -1 -1 1 -1 1 1 -1 -1 1 1 -1 
---147
0---------------------------
0.100600 0.423000 0.212400 0.435000 0.322600 0.326200 0.336400 0.408600 0.272000 0.301400 
-1 1 -1 1 1 -1 1 1 -1 1 1 1 -1 1 1 -1 1 -1 1 -1 -1 1 1 1 -1 1 1 -1 -1 1 1 1 1 -1 -1 -1 1 -1 1 -1 1 -1 -1 1 -1 1 -1 1 -1 -1 -1 -1 1 1 1 1 1 -1 1 1 -1 -1 -1 -1 1 -1 1 1 1 -1 -1 -1 1 1 1 -1 -1 1 -1 1 -1 1 1 -1 -1 -1 1 1 1 1 -1 1 1 1 -1 -1 1 -1 -1 -1 
---148
0---------------------------
0.135600 0.369200 0.246200 0.191200 0.455200 0.478000 0.347800 0.160400 0.227000 0.279200 
-1 1 -1 1 -1 -1 1 1 1 -1 -1 -1 -1 1 1 -1 -1 -1 -1 1 -1 -1 1 1 -1 -1 1 -1 1 1 -1 -1 1 -1 1 1 1 -1 -1 1 -1 1 -1 -1 -1 1 1 1 1 1 -1 1 1 1 1 -1 -1 1 -1 -1 -1 1 1 1 -1 1 1 1 1 1 -1 1 -1 -1 -1 -1 -1 -1 1 -1 -1 -1 1 -1 -1 1 1 1 1 -1 -1 1 -1 1 1 -1 -1 1 1 -1 
---149
0---------------------------
0.285800 0.212600 0.374400 0.291400 0.402200 0.238200 0.448000 0.394600 0.296400 0.417400 
-1 -1 -1 -1 1 -1 1 -1 1 1 1 -1 1 1 -1 -1 -1 -1 -1 -1 1 1 -1 -1 1 1 -1 1 -1 -1 -1 1 -1 -1 -1 1 -1 1 -1 1 1 -1 1 1 -1 1 -1 1 1 -1 -1 1 -1 -1 1 1 1 1 -1 1 -1 1 -1 -1 -1 1 1 1 1 1 1 -1 1 1 -1 1 -1 -1 -1 1 -1 1 1 -1 -1 1 1 -1 -1 -1 1 -1 1 1 1 1 -1 1 1 1 
---170
0---------------------------
0.465200 0.253600 0.463000 0.394800 0.298400 0.346000 0.324200 0.354400 0.268600 0.374400 
-1 -1 -1 -1 -1 -1 1 1 1 1 1 -1 -1 1 -1 1 1 -1 -1 1 1 1 -1 -1 1 1 1 -1 -1 -1 1 1 1 1 -1 1 -1 -1 -1 1 1 -1 1 -1 -1 -1 -1 1 1 1 1 1 -1 1 -1 1 1 1 -1 1 1 1 -1 1 1 1 1 -1 -1 1 1 1 1 -1 -1 1 1 1 -1 -1 1 1 -1 -1 -1 1 -1 -1 -1 -1 -1 1 1 1 -1 -1 -1 1 1 -1 
---171
0---------------------------
0.297400 0.409400 0.405600 0.491000 0.482600 0.404200 0.524000 0.545400 0.376400 0.485400 
-1 1 -1 1 1 -1 1 1 1 1 1 -1 -1 1 -1 -1 1 -1 -1 -1 -1 1 1 1 1 1 1 1 -1 1 1 1 -1 -1 -1 1 -1 1 -1 -1 1 -1 -1 1 -1 1 -1 1 -1 -1 -1 1 1 -1 1 1 1 -1 -1 1 -1 -1 -1 -1 -1 1 1 1 1 1 1 -1 1 1 -1 1 -1 1 -1 1 -1 1 1 -1 -1 -1 1 1 1 -1 1 -1 1 1 -1 -1 1 1 1 -1 
---172
0---------------------------
0.434600 0.369000 0.527200 0.559800 0.523800 0.591800 0.428400 0.605800 0.395600 0.596200 
-1 1 -1 1 -1 -1 1 1 -1 -1 -1 -1 -1 1 -1 -1 -1 -1 1 -1 1 1 -1 1 1 1 1 -1 -1 -1 -1 1 1 -1 -1 1 -1 1 -1 -1 -1 -1 -1 1 -1 -1 -1 1 -1 1 -1 1 -1 -1 -1 -1 -1 -1 -1 1 1 1 -1 -1 -1 1 1 -1 1 1 -1 -1 1 -1 -1 1 -1 -1 1 1 1 1 1 -1 -1 1 1 1 1 1 -1 -1 -1 1 1 -1 -1 1 1 -1 
---173
0---------------------------
0.100000 0.422400 0.211800 0.434400 0.322000 0.325600 0.335800 0.408000 0.271400 0.300800 
-1 1 -1 1 1 -1 1 1 -1 1 1 1 -1 1 1 -1 1 -1 1 -1 -1 1 1 1 -1 1 1 -1 -1 1 1 1 1 -1 -1 -1 1 -1 1 -1 1 -1 -1 1 -1 1 -1 1 -1 -1 -1 -1 1 1 1 1 1 -1 1 1 -1 -1 -1 -1 1 -1 1 1 1 -1 -1 -1 1 1 1 -1 -1 1 -1 1 -1 1 1 -1 -1 -1 1 1 1 1 -1 1 1 1 -1 -1 1 -1 -1 -1 
---174
0---------------------------
0.263000 0.448600 0.441200 0.585800 0.619000 0.567800 0.576000 0.607800 0.400000 0.518200 
-1 1 -1 1 1 -1 1 1 -1 1 1 -1 -1 1 1 -1 -1 -1 1 -1 -1 1 1 1 -1 1 1 -1 -1 1 1 1 1 -1 1 1 1 1 -1 1 1 -1 -1 1 -1 1 -1 1 1 -1 -1 1 1 1 1 1 1 1 -1 1 -1 1 -1 -1 -1 1 1 1 1 1 -1 -1 1 1 -1 -1 -1 -1 -1 1 -1 1 1 -1 -1 1 1 1 1 -1 -1 1 1 1 1 -1 1 1 1 -1 
---175
0---------------------------
0.137800 0.369400 0.248800 0.194200 0.455800 0.480600 0.347600 0.163000 0.228000 0.281000 
-1 1 -1 1 -1 -1 1 1 1 -1 -1 -1 -1 1 1 -1 -1 -1 -1 1 -1 -1 1 1 -1 -1 1 -1 1 1 -1 -1 1 -1 1 1 1 -1 -1 1 -1 1 -1 -1 -1 1 1 1 1 1 -1 1 1 1 1 -1 -1 1 -1 -1 -1 1 1 1 -1 1 1 1 1 1 -1 1 -1 -1 -1 -1 -1 -1 1 -1 -1 -1 1 -1 -1 1 1 1 1 -1 -1 1 -1 1 1 -1 -1 1 1 -1 
---176
0---------------------------
0.143200 0.376800 0.253800 0.198400 0.462400 0.485600 0.355400 0.168000 0.234600 0.286800 
-1 1 -1 1 -1 -1 1 1 1 -1 -1 -1 -1 1 1 -1 -1 -1 -1 1 -1 -1 1 1 -1 -1 1 -1 1 1 -1 -1 1 -1 1 1 1 -1 -1 1 -1 1 -1 -1 -1 1 1 1 1 1 -1 1 1 1 1 -1 -1 1 -1 -1 -1 1 1 1 -1 1 1 1 1 1 -1 1 -1 -1 -1 -1 -1 -1 1 -1 -1 1 1 -1 -1 1 1 1 1 -1 -1 1 -1 1 1 -1 -1 1 1 -1 
---177
0---------------------------
0.352400 0.218400 0.495400 0.686800 0.487600 0.435600 0.423000 0.690400 0.365800 0.500000 
-1 1 -1 1 -1 -1 1 1 -1 -1 -1 -1 1 1 -1 -1 1 -1 1 -1 1 1 -1 -1 1 1 1 1 -1 -1 1 1 1 -1 -1 1 -1 1 1 1 1 -1 -1 1 -1 -1 -1 1 1 -1 -1 1 -1 1 -1 1 1 -1 -1 1 1 -1 -1 -1 -1 1 1 -1 1 1 1 -1 1 -1 -1 1 -1 -1 -1 -1 -1 1 -1 -1 -1 1 1 -1 1 -1 -1 1 1 1 -1 1 -1 1 -1 -1 
---178
0---------------------------
0.221600 0.350000 0.377400 0.561600 0.454400 0.384000 0.462200 0.585600 0.356200 0.444400 
-1 1 -1 1 1 -1 1 1 -1 1 1 -1 1 1 -1 -1 1 -1 1 -1 -1 1 -1 -1 -1 1 1 1 -1 -1 1 1 1 -1 -1 1 -1 1 1 -1 1 -1 -1 1 -1 1 -1 1 1 -1 -1 1 -1 1 1 1 1 -1 -1 1 -1 -1 -1 -1 -1 1 1 1 1 1 1 -1 1 1 1 1 -1 -1 -1 1 -1 1 1 -1 -1 -1 1 1 1 -1 -1 1 1 1 -1 -1 1 -1 -1 -1 
---179
0---------------------------
0.207400 0.467400 0.330000 0.335000 0.526600 0.559000 0.433600 0.288200 0.297600 0.375000 
-1 1 -1 1 -1 -1 1 1 1 -1 -1 -1 -1 1 1 -1 -1 -1 -1 1 -1 -1 1 1 -1 -1 1 -1 -1 1 -1 -1 1 -1 -1 1 1 -1 -1 1 -1 1 -1 -1 -1 1 1 1 1 1 -1 1 1 1 1 -1 -1 -1 -1 -1 -1 -1 1 1 -1 1 1 1 1 1 -1 1 1 -1 -1 -1 -1 -1 1 -1 -1 1 1 -1 -1 1 1 1 1 -1 -1 1 -1 1 1 -1 -1 1 1 -1 
---200
0---------------------------
0.384800 0.720400 0.509800 0.470000 0.601600 0.608000 0.654600 0.443200 0.416600 0.602400 
-1 1 -1 1 1 -1 1 1 1 -1 1 -1 -1 1 -1 -1 -1 -1 -1 -1 -1 1 1 1 1 1 1 1 -1 -1 -1 1 1 -1 -1 1 -1 1 -1 -1 1 -1 -1 -1 -1 1 -1 1 1 1 -1 1 -1 1 1 -1 -1 -1 -1 -1 -1 -1 -1 1 1 1 1 1 1 1 -1 1 1 -1 -1 -1 -1 1 1 -1 -1 1 1 -1 -1 1 1 1 1 -1 -1 1 1 1 1 -1 -1 1 1 -1 
---201
0---------------------------
0.232400 0.039200 0.252600 0.259600 0.189200 0.319600 0.045000 0.326400 0.168600 0.263200 
1 -1 -1 1 -1 -1 1 -1 -1 -1 -1 1 -1 -1 -1 -1 -1 -1 1 -1 1 -1 -1 1 -1 1 -1 -1 1 -1 -1 -1 1 -1 1 -1 -1 1 -1 -1 -1 -1 -1 1 -1 -1 -1 1 -1 1 1 -1 1 -1 -1 -1 -1 1 -1 1 1 1 1 1 -1 1 1 -1 1 -1 -1 -1 1 -1 -1 -1 -1 -1 1 1 1 1 -1 -1 1 -1 1 1 1 1 -1 -1 -1 1 1 -1 -1 -1 1 -1 
---202
0---------------------------
0.293200 0.469200 0.256600 0.204800 0.254400 0.318400 0.276600 0.269600 0.243800 0.443200 
-1 -1 -1 1 -1 -1 1 -1 1 1 1 -1 -1 1 -1 -1 -1 -1 1 -1 1 1 1 1 1 1 1 1 -1 -1 -1 1 -1 1 -1 -1 -1 1 -1 -1 1 -1 1 -1 1 -1 -1 1 -1 1 1 1 -1 -1 1 -1 1 1 -1 -1 1 1 1 1 1 1 1 -1 1 1 -1 1 1 -1 -1 1 -1 1 -1 1 1 1 1 1 -1 1 -1 -1 -1 1 -1 -1 1 1 -1 -1 -1 1 1 -1 
---203
0---------------------------
0.100000 0.422400 0.211800 0.434400 0.322000 0.325600 0.335800 0.408000 0.271400 0.300800 
-1 1 -1 1 1 -1 1 1 -1 1 1 1 -1 1 1 -1 1 -1 1 -1 -1 1 1 1 -1 1 1 -1 -1 1 1 1 1 -1 -1 -1 1 -1 1 -1 1 -1 -1 1 -1 1 -1 1 -1 -1 -1 -1 1 1 1 1 1 -1 1 1 -1 -1 -1 -1 1 -1 1 1 1 -1 -1 -1 1 1 1 -1 -1 1 -1 1 -1 1 1 -1 -1 -1 1 1 1 1 -1 1 1 1 -1 -1 1 -1 -1 -1 
---204
0---------------------------
0.316400 0.370800 0.415000 0.385600 0.334400 0.356800 0.388200 0.309200 0.280600 0.376800 
1 1 -1 1 1 -1 1 1 1 -1 -1 -1 1 1 -1 -1 -1 -1 -1 1 1 1 1 1 1 -1 -1 1 -1 -1 -1 1 1 -1 -1 1 -1 1 -1 -1 1 1 1 -1 -1 -1 1 -1 1 1 1 1 -1 -1 -1 -1 1 -1 -1 -1 1 -1 -1 1 -1 1 1 -1 1 1 -1 -1 1 -1 -1 -1 -1 1 1 -1 1 1 -1 -1 -1 1 1 -1 1 1 -1 1 1 -1 1 -1 -1 1 1 1 
---205
0---------------------------
0.269000 0.464200 0.283200 0.149800 0.257000 0.269000 0.359200 0.119400 0.263600 0.351000 
1 1 -1 1 1 1 1 1 1 -1 1 -1 -1 -1 -1 -1 -1 -1 -1 -1 -1 1 1 1 1 1 -1 1 -1 -1 -1 1 1 1 -1 -1 -1 1 1 -1 -1 1 1 -1 1 -1 -1 -1 1 1 1 1 -1 -1 -1 -1 -1 -1 -1 -1 -1 1 -1 1 1 -1 1 -1 -1 1 -1 1 -1 -1 -1 1 -1 1 1 -1 1 1 1 -1 -1 1 1 -1 -1 1 -1 -1 -1 -1 1 -1 -1 1 1 -1 
---206
0---------------------------
0.111400 0.280200 0.031600 0.001000 0.024200 0.083800 0.050400 0.044600 0.034000 0.187800 
-1 -1 -1 -1 -1 1 1 -1 1 1 1 -1 -1 1 -1 1 1 -1 1 -1 1 1 1 -1 1 1 1 1 -1 1 -1 1 -1 1 -1 1 -1 1 -1 1 1 -1 1 -1 1 -1 1 1 1 -1 1 1 -1 -1 1 1 1 1 -1 -1 1 1 1 1 1 1 -1 1 1 1 -1 1 1 -1 1 1 1 1 -1 1 1 -1 -1 1 1 1 -1 -1 -1 -1 -1 1 1 1 -1 -1 -1 1 1 -1 
---207
0---------------------------
0.325000 0.277800 0.465200 0.350200 0.488200 0.317400 0.581200 0.436600 0.362000 0.445400 
-1 -1 -1 -1 1 -1 1 -1 1 1 1 -1 -1 1 -1 -1 -1 -1 -1 -1 -1 1 -1 1 -1 1 -1 -1 1 -1 1 1 -1 -1 1 1 -1 1 -1 1 1 -1 -1 1 -1 1 -1 1 1 -1 -1 1 1 -1 1 1 -1 1 -1 1 -1 1 -1 -1 -1 1 1 1 -1 1 1 -1 1 1 -1 1 -1 -1 -1 1 -1 1 1 -1 -1 1 1 1 1 -1 1 -1 1 1 1 -1 1 1 1 -1 
---208
0---------------------------
0.349200 0.340000 0.428600 0.316400 0.412000 0.499200 0.363800 0.255600 0.277800 0.339200 
1 1 -1 1 -1 1 1 1 1 -1 -1 -1 -1 1 -1 -1 -1 -1 -1 1 1 -1 1 1 -1 -1 1 -1 1 -1 -1 -1 1 -1 1 1 1 -1 -1 1 -1 1 1 -1 -1 1 1 1 1 1 1 1 1 1 -1 -1 -1 1 -1 -1 1 1 -1 1 -1 1 1 -1 1 1 -1 1 1 -1 -1 -1 1 -1 1 -1 1 -1 1 -1 -1 1 1 1 1 -1 -1 1 1 1 1 -1 -1 1 1 -1 
---209
0---------------------------
0.177800 0.375000 0.261200 0.182600 0.125800 0.138600 0.296800 0.058600 0.158400 0.190200 
1 -1 -1 1 1 1 1 1 1 -1 1 -1 1 -1 -1 -1 -1 -1 -1 1 1 1 1 1 1 -1 -1 1 -1 -1 -1 1 1 1 -1 -1 -1 1 -1 -1 1 1 1 -1 1 -1 1 -1 1 1 1 1 -1 -1 -1 -1 -1 -1 -1 -1 1 -1 -1 1 1 -1 1 -1 -1 -1 -1 1 1 -1 -1 -1 -1 1 1 -1 1 1 -1 -1 1 1 1 -1 1 1 -1 1 1 -1 1 -1 1 1 1 1 
---230
0---------------------------
0.208800 0.448000 0.296600 0.234400 0.208400 0.225200 0.354200 0.119200 0.207800 0.246000 
1 -1 -1 1 1 1 1 1 1 -1 1 -1 1 1 1 -1 -1 -1 -1 1 1 1 1 1 1 -1 -1 1 -1 1 -1 1 1 1 -1 -1 -1 1 -1 -1 1 1 1 -1 1 1 1 1 1 1 1 1 -1 -1 1 -1 -1 -1 -1 -1 1 -1 -1 1 1 -1 1 -1 -1 -1 -1 1 1 -1 -1 -1 -1 1 1 -1 1 1 1 -1 1 1 1 -1 1 1 -1 1 1 1 1 -1 1 1 1 -1 
---231
0---------------------------
0.232400 0.370800 0.195000 0.082800 0.179600 0.192000 0.255000 0.102000 0.229400 0.333600 
-1 1 1 1 -1 1 1 -1 1 1 1 -1 -1 -1 -1 -1 -1 -1 1 -1 -1 1 -1 1 1 1 1 1 -1 -1 -1 1 -1 1 -1 -1 -1 1 1 -1 -1 -1 1 -1 1 -1 -1 -1 -1 1 -1 1 -1 -1 -1 1 -1 -1 -1 -1 -1 1 -1 -1 1 -1 1 -1 -1 1 -1 1 1 1 -1 1 -1 1 1 1 1 1 1 1 -1 -1 -1 -1 -1 1 -1 -1 -1 -1 -1 -1 -1 1 1 -1 
---232
0---------------------------
0.271400 0.418600 0.246000 0.164600 0.221400 0.243000 0.288800 0.176200 0.261600 0.395800 
-1 1 -1 1 -1 1 1 -1 1 1 1 -1 -1 -1 -1 -1 -1 -1 1 -1 1 1 -1 1 1 1 1 1 -1 -1 -1 1 -1 1 -1 -1 -1 1 1 -1 -1 -1 1 -1 1 -1 -1 -1 -1 1 -1 1 -1 -1 -1 1 -1 -1 -1 -1 1 1 -1 -1 1 -1 1 -1 -1 1 -1 1 1 -1 -1 1 -1 1 1 1 1 1 1 1 -1 -1 -1 -1 -1 1 -1 -1 -1 -1 -1 -1 -1 1 -1 -1 
---233
0---------------------------
0.135600 0.369200 0.246200 0.191200 0.455200 0.478000 0.347800 0.160400 0.227000 0.279200 
-1 1 -1 1 -1 -1 1 1 1 -1 -1 -1 -1 1 1 -1 -1 -1 -1 1 -1 -1 1 1 -1 -1 1 -1 1 1 -1 -1 1 -1 1 1 1 -1 -1 1 -1 1 -1 -1 -1 1 1 1 1 1 -1 1 1 1 1 -1 -1 1 -1 -1 -1 1 1 1 -1 1 1 1 1 1 -1 1 -1 -1 -1 -1 -1 -1 1 -1 -1 -1 1 -1 -1 1 1 1 1 -1 -1 1 -1 1 1 -1 -1 1 1 -1 
---234
0---------------------------
0.177800 0.375000 0.261200 0.182600 0.125800 0.138600 0.296800 0.058600 0.158400 0.190200 
1 -1 -1 1 1 1 1 1 1 -1 1 -1 1 -1 -1 -1 -1 -1 -1 1 1 1 1 1 1 -1 -1 1 -1 -1 -1 1 1 1 -1 -1 -1 1 -1 -1 1 1 1 -1 1 -1 1 -1 1 1 1 1 -1 -1 -1 -1 -1 -1 -1 -1 1 -1 -1 1 1 -1 1 -1 -1 -1 -1 1 1 -1 -1 -1 -1 1 1 -1 1 1 -1 -1 1 1 1 -1 1 1 -1 1 1 -1 1 -1 1 1 1 1 
---235
0---------------------------
0.248000 0.507200 0.433000 0.411200 0.640400 0.518000 0.651000 0.417200 0.383400 0.481600 
-1 1 -1 1 1 -1 1 1 1 -1 1 -1 -1 1 1 -1 -1 -1 -1 -1 -1 1 1 1 -1 1 1 -1 1 1 1 1 1 -1 1 1 1 1 -1 1 1 -1 -1 1 -1 1 -1 1 1 1 -1 1 1 -1 1 1 -1 1 -1 1 -1 1 -1 -1 -1 1 1 1 1 1 -1 -1 1 1 -1 -1 -1 -1 -1 1 -1 1 1 -1 -1 1 1 1 1 -1 -1 1 1 1 1 -1 1 1 1 -1 
---236
0---------------------------
0.083000 0.268600 0.003600 -0.017800 0.011400 0.067400 0.028000 0.034600 0.017600 0.174200 
-1 -1 -1 -1 -1 -1 1 -1 1 1 1 -1 -1 1 -1 1 1 -1 1 -1 1 1 1 -1 1 1 1 1 -1 1 -1 1 -1 1 -1 1 -1 1 -1 1 1 -1 1 -1 1 -1 1 1 1 -1 1 1 -1 -1 1 -1 1 1 -1 -1 1 1 1 1 1 1 -1 1 1 1 -1 1 1 -1 1 1 1 1 -1 1 1 -1 -1 1 1 1 -1 -1 -1 -1 -1 1 1 1 -1 1 -1 1 1 -1 
---237
0---------------------------
0.292400 0.428400 0.447000 0.472000 0.492400 0.500400 0.469800 0.374400 0.320600 0.441600 
-1 1 -1 1 -1 -1 1 1 1 -1 -1 -1 1 1 -1 -1 -1 -1 -1 1 1 1 1 1 1 -1 1 1 -1 -1 -1 1 1 -1 -1 1 -1 1 -1 1 1 1 1 -1 -1 -1 1 -1 1 1 -1 1 -1 1 -1 -1 -1 -1 -1 -1 1 -1 -1 1 -1 1 1 -1 1 1 1 1 1 -1 -1 -1 -1 -1 1 -1 -1 1 -1 -1 -1 1 1 -1 1 -1 -1 1 -1 1 1 -1 -1 1 1 -1 
---238
0---------------------------
0.314200 0.449400 0.452800 0.318600 0.379800 0.351000 0.512800 0.272600 0.323200 0.389000 
1 -1 -1 1 1 -1 1 1 1 -1 1 -1 1 1 -1 -1 -1 -1 -1 -1 -1 1 1 1 1 -1 -1 1 1 -1 -1 1 1 -1 -1 -1 -1 1 -1 -1 1 1 -1 -1 -1 1 -1 1 1 1 -1 1 -1 -1 -1 -1 -1 1 -1 -1 1 -1 -1 1 -1 1 1 -1 -1 1 -1 1 1 -1 -1 -1 -1 -1 1 -1 1 1 1 -1 -1 1 1 -1 1 1 -1 1 1 1 1 -1 1 1 1 1 
---239
0---------------------------
profiles 0,Label 9
profiles 1,Label 9
profiles 2,Label 9
profiles 3,Label 9
profiles 4,Label 7
profiles 5,Label 9
profiles 6,Label 2
profiles 7,Label 0
profiles 8,Label 1
profiles 9,Label 6
profiles 10,Label 1
profiles 11,Label 1
profiles 12,Label 0
profiles 13,Label 0
profiles 14,Label 1
profiles 15,Label 6
profiles 16,Label 1
profiles 17,Label 1
profiles 18,Label 7
profiles 19,Label 5
profiles 20,Label 1
profiles 21,Label 1
profiles 22,Label 6
profiles 23,Label 9
profiles 24,Label 7
profiles 25,Label 7
profiles 26,Label 3
profiles 27,Label 6
profiles 28,Label 7
profiles 29,Label 6
profiles 30,Label 5
profiles 31,Label 9
profiles 32,Label 9
profiles 33,Label 1
profiles 34,Label 3
profiles 35,Label 6
profiles 36,Label 5
profiles 37,Label 3
profiles 38,Label 6
profiles 39,Label 6
profiles 40,Label 7
profiles 41,Label 2
profiles 42,Label 3
profiles 43,Label 1
profiles 44,Label 3
profiles 45,Label 3
profiles 46,Label 5
profiles 47,Label 1
profiles 48,Label 3
profiles 49,Label 3
profiles 50,Label 1
profiles 51,Label 9
profiles 52,Label 5
profiles 53,Label 9
profiles 54,Label 6
profiles 55,Label 3
profiles 56,Label 5
profiles 57,Label 1
profiles 58,Label 3
profiles 59,Label 3
profiles 60,Label 7
profiles 61,Label 9
profiles 62,Label 1
profiles 63,Label 6
profiles 64,Label 3
profiles 65,Label 3
profiles 66,Label 5
profiles 67,Label 5
profiles 68,Label 3
profiles 69,Label 5
profiles 70,Label 6
profiles 71,Label 0
profiles 72,Label 7
profiles 73,Label 7
profiles 74,Label 3
profiles 75,Label 4
profiles 76,Label 5
profiles 77,Label 5
profiles 78,Label 7
profiles 79,Label 7
profiles 80,Label 5
profiles 81,Label 1
profiles 82,Label 7
profiles 83,Label 1
profiles 84,Label 3
profiles 85,Label 2
profiles 86,Label 1
profiles 87,Label 1
profiles 88,Label 6
profiles 89,Label 5
profiles 90,Label 1
profiles 91,Label 1
profiles 92,Label 1
profiles 93,Label 1
profiles 94,Label 5
profiles 95,Label 1
profiles 96,Label 6
profiles 97,Label 1
profiles 98,Label 5
profiles 99,Label 6
hit-3
miss-97
